estimate	std_error	t_value	p_values	r_sq	FDR
amp32_15q26.3 	1.13617415463869	0.28498397472123	3.98680015516694	0.000248944754376823	0.261003212988334	0.0291265362620883
del73_xq28    	-1.14805282364606	0.428601881763867	-2.67859958738717	0.0103568078493549	0.135085705817074	0.444342266720544
del48_16q24.3 	1.24696670730318	0.47212360236609	2.64118697106836	0.0113933914543729	0.131708786162946	0.444342266720544
del27_8q21.2  	-0.490777850563937	0.232806401009691	-2.10809431542868	0.0407534453780114	0.0863297309064869	0.771352336172809
amp9_5p15.33 	-0.426883318603627	0.202499692095918	-2.10806897623047	0.0407557523866676	0.086327715975415	0.771352336172809
amp27_12q14.3 	-0.411170116264293	0.197938642753468	-2.07726046084091	0.0436467724040938	0.0838892944307817	0.771352336172809
del64_21p11.2 	0.816054204850229	0.407479970805374	2.0026854405563	0.0513965816456258	0.0780835587204283	0.771352336172809
amp19_9p22.3  	-0.836047353182244	0.421078623237738	-1.98548989913985	0.0533440434430225	0.0767648041747715	0.771352336172809
del69_22q13.33	0.927998044601565	0.479389610896053	1.93579089640052	0.0593347950902161	0.0729965579337044	0.771352336172809
del68_22q13.2 	0.902028649888169	0.478752799668139	1.88412193205645	0.0661662722248199	0.0691487374119585	0.774145385030393
del9_2q37.3  	0.799105686545282	0.46067479846296	1.73464163703223	0.0898055300380237	0.0584374023388075	0.861107508085083
del39_13q11   	0.757429583113502	0.43752207389664	1.7311802725008	0.090427234869345	0.0581970586172658	0.861107508085083
amp22_10q25.1 	-0.620767791789574	0.364577172767797	-1.7027061433299	0.0956786120094537	0.0562335586048037	0.861107508085083
amp42_21q11.2 	-0.551972391146234	0.343818801884735	-1.60541653952736	0.11555650207708	0.0497122060087369	0.965722195929883
del20_6q25.1  	0.92868382141729	0.649901602402938	1.42896065801898	0.16007690159957	0.038661059183374	0.970087346953175
del47_16q23.1 	0.43836369516394	0.316130380270577	1.38665475551177	0.172532972217309	0.0361674845865102	0.970087346953175
amp11_5q22.3  	0.504548296644984	0.36965600389808	1.36491303082986	0.179219663182706	0.0349102583378051	0.970087346953175
del15_5p15.33 	-0.279108509143257	0.204515440266114	-1.36473074492607	0.179276556507632	0.0348997877966173	0.970087346953175
del71_xp11.23 	-0.8464349094796	0.628024123183426	-1.34777451730526	0.184629730464152	0.0339309515794787	0.970087346953175
amp17_8p23.1  	0.204344220786331	0.162118132071015	1.26046493489586	0.214145307594557	0.0291052590602614	0.970087346953175
del37_12p13.31	0.334887370979789	0.267631502262455	1.25130026976936	0.217437193041432	0.028614770092447	0.970087346953175
amp16_7q36.1  	-0.389907149198385	0.311620022005831	-1.25122624242382	0.217463935582914	0.0286108207428454	0.970087346953175
del25_7q35    	-0.347485890914353	0.301534171897772	-1.15239307282281	0.255382341670263	0.0235199154346467	0.970087346953175
del66_21q22.3 	-0.760521943105983	0.688372925491335	-1.10481094613527	0.275246536394081	0.0212006969474479	0.970087346953175
del70_22q13.33	0.607785318930708	0.551271639538123	1.10251512201849	0.276231852559542	0.0210909958330487	0.970087346953175
del2_1p36.21 	-0.399515145126034	0.365083309702641	-1.09431226930488	0.279772645305227	0.0207007048008221	0.970087346953175
amp31_15q25.3 	0.261359797736815	0.242282844882758	1.07873835583897	0.286582696404276	0.0199668776841402	0.970087346953175
amp36_17q21.2 	-0.351651179169536	0.328289424128737	-1.07116207018487	0.28993714257685	0.0196133016588481	0.970087346953175
del11_3q21.3  	-0.412355008072802	0.387820775811064	-1.06326177913091	0.293464061016022	0.0192469899717325	0.970087346953175
amp41_20q13.2 	-0.312947667874866	0.294682707744247	-1.06198178464707	0.294038279010069	0.0191878702686468	0.970087346953175
del34_11p15.5 	0.513378496671864	0.485229688806055	1.0580113058108	0.295824430398694	0.019004891812255	0.970087346953175
amp44_21q22.3 	0.3611550247172	0.342552015683259	1.05430710719023	0.297497555018512	0.0188347415538211	0.970087346953175
del67_22q11.21	-0.726742097561919	0.695848732615374	-1.04439666769304	0.302006054602633	0.0183821581518869	0.970087346953175
del46_16q22.1 	0.383255614173285	0.386487797191854	0.991637037334545	0.326796839489206	0.0160380512503613	0.970087346953175
amp1_1q21.1  	0.268294837108597	0.270859254918988	0.990532286551709	0.327330169538927	0.0159901493462073	0.970087346953175
amp8_4q31.21 	0.452929389914484	0.463322918716533	0.977567419218456	0.33363275438448	0.015431639989131	0.970087346953175
del62_20q13.33	0.332079001464441	0.340265054643991	0.97594212785643	0.334428529982215	0.0153620992747436	0.970087346953175
amp38_19q12   	0.283469395019112	0.292842827645384	0.967991592276173	0.338339496470694	0.0150234499318612	0.970087346953175
del10_3p21.1  	-0.424397335674694	0.45124650861624	-0.940499987415127	0.352096103479776	0.0138720678897626	0.970087346953175
del35_11q14.3 	0.18703351048036	0.200734800855886	0.93174431978358	0.356553263543823	0.0135117822871161	0.970087346953175
del17_5q13.2  	0.294798229036518	0.317426456954775	0.928713478594881	0.358104676790228	0.0133877909479752	0.970087346953175
del38_12q24.33	-0.348919500200224	0.379937858853977	-0.918359389750433	0.363437761180279	0.0129670216690302	0.970087346953175
del29_9p21.3  	-0.352865804427908	0.406642360364268	-0.867754663119242	0.390236866416236	0.0109735512367871	0.970087346953175
amp21_10q21.2 	-0.350454100650048	0.415174856241449	-0.844112053949235	0.403172955640823	0.0100783017936522	0.970087346953175
del44_16p11.2 	-0.5937283325797	0.709359919286119	-0.836991654641572	0.407120399242925	0.0098132157987384	0.970087346953175
del42_15q11.2 	0.366588506846435	0.440296262491274	0.832595091251086	0.409569654013772	0.00965058684776943	0.970087346953175
amp35_16q24.1 	0.283307501957799	0.342443167487392	0.82731246774906	0.412524478911956	0.00945624531070088	0.970087346953175
amp23_11q13.1 	0.144889428334981	0.1753322538441	0.826370648630413	0.413052653216801	0.00942171883743992	0.970087346953175
del7_2q14.3  	-0.34063179312858	0.416207673118975	-0.818417859949469	0.417529095490763	0.00913164789655341	0.970087346953175
amp5_3q25.1  	-0.30027907057226	0.371929276335308	-0.807355294885545	0.423804911931887	0.00873253794829898	0.970087346953175
del23_7p11.2  	-0.388443278518115	0.488458114613386	-0.795243782213687	0.430740858579272	0.00830145210287891	0.970087346953175
del22_7p22.1  	-0.184672184736284	0.246847851134607	-0.748121500298505	0.458367117237856	0.00668287796231215	0.970087346953175
del60_19q13.42	-0.321186619497658	0.435019647493416	-0.738326697077559	0.464236021012042	0.00635821464572051	0.970087346953175
del5_2p23.3  	-0.275794465640625	0.375422135136474	-0.734624945703769	0.466465274641388	0.00623657404682521	0.970087346953175
del14_4q35.2  	0.480895472488537	0.66175851152159	0.726693293876655	0.471262474475082	0.00597789726094478	0.970087346953175
amp25_12p12.1 	-0.148789535172806	0.213267153862498	-0.697667373892634	0.489055730167343	0.00505411115034626	0.970087346953175
del58_19p12   	0.190796913031025	0.275666266217613	0.692130073254623	0.492492216474371	0.00488196646063255	0.970087346953175
amp4_3q21.3  	-0.211299604239398	0.305680466455354	-0.691243397687824	0.49304373476858	0.00485452322510738	0.970087346953175
del18_6p22.1  	0.179888800759524	0.261959200410241	0.686705412437545	0.495871744020826	0.00471459660916185	0.970087346953175
amp14_6q21    	-0.188346897987365	0.280323205346967	-0.671891924731099	0.505165310480257	0.00426397720085236	0.970087346953175
del32_10q11.22	-0.328492123526524	0.500151731799995	-0.656784936731729	0.514739931123145	0.00381414369033783	0.970087346953175
del3_1p11.2  	0.308873606146368	0.472763118255174	0.653336933909581	0.516938829900687	0.00371285191864323	0.970087346953175
del45_16q11.2 	-0.350506002122137	0.550832079114482	-0.636320968607367	0.527863719801801	0.00322048971829758	0.970087346953175
amp10_5p13.2  	-0.153423852650735	0.247445001168283	-0.620032136136768	0.538434704611334	0.00276090028734033	0.970087346953175
del52_17q25.1 	-0.209020428183164	0.364485802602985	-0.573466584131505	0.569248504656588	0.00151064295543746	0.970087346953175
del59_19q13.2 	-0.187031640698989	0.334625737004774	-0.558927840915956	0.579044759680929	0.00113966957027567	0.970087346953175
amp30_14q13.3 	0.101286955657089	0.181967132829655	0.556622254151289	0.580605765404769	0.0010816899661158	0.970087346953175
del55_18q23   	-0.265813830340326	0.485038632047453	-0.548026100969047	0.586443721116796	0.00086757294976858	0.970087346953175
amp37_17q23.3 	-0.183610015529915	0.339052557764858	-0.541538505830277	0.59086823802536	0.00070812384073804	0.970087346953175
amp39_19q13.12	0.122929341567527	0.22903448753471	0.536728520192387	0.594158851615216	0.000591099653803107	0.970087346953175
amp34_16q13   	-0.257209191473527	0.483563653909744	-0.531903482393518	0.597468446371104	0.000474731044177279	0.970087346953175
del28_8q24.3  	-0.140551952138433	0.283005336163232	-0.496640643049094	0.62191479081912	-0.000344588982776228	0.970087346953175
del19_6p21.33 	-0.183645851588301	0.3752379680962	-0.489411699247927	0.626981345728208	-0.000505770040430731	0.970087346953175
amp15_7q31.2  	-0.103732464911199	0.226036703571109	-0.458918676800494	0.648551631682048	-0.00116018506470716	0.970087346953175
del30_9q34.13 	0.143313075438699	0.339115500900976	0.422608447735179	0.6746391559978	-0.00188554958667297	0.970087346953175
del57_19p13.12	-0.23053947432043	0.574140266189109	-0.401538592390758	0.689967297772282	-0.00227950146633216	0.970087346953175
del50_17p11.2 	-0.367371834974247	0.925148597150847	-0.39709494896888	0.693217150644716	-0.0023600521637499	0.970087346953175
del41_15q11.1 	-0.14634376681386	0.380740199987876	-0.384366470413474	0.70255829194884	-0.00258589136789222	0.970087346953175
amp24_11q14.2 	0.102019876347757	0.265611735965075	0.384094008410728	0.70275876077723	-0.002590646282016	0.970087346953175
amp40_19q13.33	-0.132156440241404	0.375528395136902	-0.351921297970623	0.726577219352347	-0.00312869891277412	0.970087346953175
amp20_9q33.2  	0.173173110031819	0.499223754401385	0.34688475559315	0.730331527798799	-0.00320872048203724	0.970087346953175
del13_4p16.1  	0.127065080421537	0.376939204233757	0.337097014569857	0.737646519063123	-0.00336096632937699	0.970087346953175
del65_21q22.3 	-0.163456198912356	0.488481719839646	-0.334620912663864	0.739500998369501	-0.00339879805842247	0.970087346953175
del49_17p11.2 	0.126158404637526	0.381080538355117	0.3310544410955	0.742174864604836	-0.00345280402335213	0.970087346953175
amp33_16p13.13	0.121789303056465	0.40080160141367	0.303864312485032	0.762663630285809	-0.00384568706546218	0.970087346953175
amp18_8q24.13 	-0.0511929994540662	0.177087821879266	-0.28908255187061	0.773875922423446	-0.0040452740211856	0.970087346953175
del53_18p11.21	0.107580497382769	0.373144012734691	0.288308250196311	0.774464618202935	-0.00405545667585061	0.970087346953175
del61_20p11.21	0.133408164431691	0.502616609464414	0.265427289746452	0.791919984888326	-0.00434411683598124	0.970087346953175
del63_20q13.33	0.0918702170614566	0.359580313979917	0.255492899610148	0.799533020527402	-0.00446206697041807	0.970087346953175
del40_14q11.2 	-0.13620164908845	0.540920836094047	-0.251795900620048	0.802371229999191	-0.00450481933402025	0.970087346953175
amp6_3q29    	-0.0325473237528719	0.131983382395233	-0.246601679409964	0.806363418733651	-0.00456383888357648	0.970087346953175
amp26_12q13.11	-0.136851498283722	0.578795021214268	-0.236442079264293	0.814186924469196	-0.00467574053761877	0.970087346953175
del6_2p11.2  	-0.108234300909923	0.463709946665006	-0.233409487306327	0.816525963321047	-0.00470823508518903	0.970087346953175
del8_2q37.3  	0.108875311703432	0.48438013120746	0.224772455947002	0.823196908222478	-0.00479849426080858	0.970087346953175
amp29_14q11.2 	-0.0344691270807674	0.160517920094171	-0.21473694065152	0.830964594058234	-0.00489911308525959	0.970087346953175
amp3_2q31.2  	0.0669938833383453	0.318042343990592	0.210644540276458	0.834137149744602	-0.00493883121080141	0.970087346953175
del54_18p11.21	0.0930097128421076	0.455457884866264	0.20421144508107	0.839129915699987	-0.00499972778604096	0.970087346953175
del43_16p13.11	0.0874727329728051	0.438905130709458	0.199297585861919	0.842948121337336	-0.00504497557567696	0.970087346953175
del4_1q42.13 	-0.0635749101715633	0.347257199256209	-0.183077299211462	0.855578379085069	-0.00518653865595087	0.970087346953175
amp43_21q22.11	0.0569243443261061	0.317577660427881	0.179245430076569	0.858567869704061	-0.00521823310654912	0.970087346953175
del56_19p13.2 	-0.0903997608557169	0.505482850471351	-0.178838432938766	0.85888551875281	-0.00522156022464326	0.970087346953175
del72_xp11.22 	0.131031998528454	0.761887662266687	0.171983357938389	0.864239208506363	-0.00527646574869545	0.970087346953175
del36_11q25   	-0.0575944537807388	0.344107439556506	-0.167373462936366	0.86784309839537	-0.00531218513899701	0.970087346953175
del21_6q27    	0.0754087410043671	0.510236026466733	0.147791878841946	0.883182214987028	-0.00545312018655286	0.970087346953175
del51_17q11.2 	-0.0598788352690951	0.427210065059431	-0.140162510592453	0.889171261115587	-0.00550329982939579	0.970087346953175
del1_1p36.33 	0.0788284241289954	0.564234070013717	0.139708727846014	0.889527689942953	-0.00550620080756725	0.970087346953175
del16_5p14.3  	-0.0316674721358716	0.231742372024977	-0.136649469232405	0.89193121863521	-0.00552551321204198	0.970087346953175
amp12_5q31.3  	0.0237318799463719	0.179577927162366	0.132153657865282	0.895465243341393	-0.00555311965605054	0.970087346953175
amp13_6p22.2  	0.0239457320338581	0.237962303987285	0.100628257638393	0.92030270010543	-0.00572079231510525	0.982869831973713
amp2_2q24.2  	0.0488590913570323	0.509682844286562	0.0958617538430663	0.924065653992379	-0.00574219530664766	0.982869831973713
amp28_13q33.1 	0.0236289495689371	0.400558190121333	0.0589900547577861	0.953227136883797	-0.00587269487698894	0.999066109749628
del24_7q22.1  	0.00697126321023322	0.216950368158433	0.0321329863111469	0.974511319647777	-0.00592864060922627	0.999066109749628
del33_10q26.3 	-0.014764027265818	0.468660781485971	-0.0315025874770364	0.975011196766739	-0.00592955771635095	0.999066109749628
del31_9q34.13 	0.0119994409855976	0.400383014752719	0.0299699051744456	0.97622658488995	-0.00593171168309614	0.999066109749628
amp7_4q28.1  	0.00585392638048886	0.342506441034379	0.0170914344349549	0.986440940059589	-0.00594556779941358	0.999066109749628
del26_8p23.1  	-0.000791436745286233	0.393477053917827	-0.00201139237321705	0.998404234060789	-0.00595215380289882	0.999066109749628
del12_3q29    	0.000326937902155782	0.277742294520265	0.00117712681361869	0.999066109749628	-0.00595221461891748	0.999066109749628
