estimate	std_error	t_value	p_values	r_sq	FDR
amp10_5p13.1  	7.11518738641602	1.35209027073425	5.26236120503416	3.19238506901287e-07	0.0948246183339865	2.64967960728068e-05
del11_3q27.3  	7.06571027444622	1.62866773637461	4.33833747463702	2.12902127953625e-05	0.0633120943591797	0.000883543831007542
del5_2q37.3  	13.9465980640781	3.35500256335314	4.15695600844469	4.51442951400425e-05	0.0576135383057175	0.00124899216554118
amp34_20q11.21	7.57106446222189	1.88492982310299	4.01662935639606	7.93831325182378e-05	0.0533265571218383	0.00164719999975343
amp16_7q31.2  	5.7851566066443	1.49815888735888	3.86151072189881	0.000145567184166869	0.0487158482021922	0.00241641525717002
del10_3q22.2  	7.95660252072466	2.08836296880085	3.80997108241839	0.000177324738010553	0.0472144508793595	0.00245299220914598
del22_7q36.2  	8.76850009739467	2.38352013207419	3.67880261609712	0.000290287688045358	0.0434638029715165	0.00344198258682353
amp9_5p15.33 	3.98254894681137	1.11352286667117	3.57653090566252	0.00042233309045553	0.0406109549036625	0.00393632012704834
amp35_20q13.32	6.32489126421946	1.76988916322333	3.57360867315586	0.000426829893294399	0.0405303753512053	0.00393632012704834
amp32_19q12   	4.06959343934345	1.23080491766916	3.30644879697933	0.00109216953476019	0.033388437049597	0.00906500713850959
amp33_19q13.2 	4.17176021910986	1.3985076835264	2.98300843695802	0.00315385022433301	0.0253592139380937	0.0237972335108763
del44_19q13.32	5.5143888727969	1.87111423123725	2.94711502950336	0.00352912858168008	0.0245113721947535	0.0244098060232872
del14_4q35.2  	-8.21690573662753	2.9861802898127	-2.75164422076569	0.00639001003730333	0.0200501086635152	0.0407977563920136
del23_8p12    	-7.1891901305583	2.67553509021192	-2.68701021969735	0.00772229811578255	0.0186338028136659	0.0457821959721394
amp6_3q26.33 	2.80658026721654	1.05618911847315	2.65727057600611	0.00841560638395938	0.0179920900336041	0.0465663553245752
del33_15q14   	-7.86337203758607	2.99117203258386	-2.62885984220488	0.00912974711058792	0.0173849507968474	0.0473605631361748
amp5_2q31.2  	5.68651585124515	2.20567401254074	2.57813068427767	0.0105413824707064	0.0163152720687998	0.0514667497099196
del15_5q14.3  	-7.95552661030423	3.36688281955348	-2.3628760003472	0.0189458325581494	0.0119845802280739	0.0873613390181333
del3_1p13.1  	-5.94955572006139	2.70725988217042	-2.19763006841131	0.0289476512192059	0.00889287761669744	0.121885121161459
del2_1p36.11 	6.88224885123122	3.13996474968121	2.19182360309298	0.0293699087136045	0.0087879767581116	0.121885121161459
del40_17q25.3 	5.04752364046515	2.34061901031222	2.15649091895218	0.032056060106545	0.00815516074743716	0.126697761373488
del26_10p14   	-6.6152085508263	3.21893051122444	-2.05509517144251	0.0409707564942096	0.00639199222758746	0.154571490409972
del1_1p36.31 	6.38285105262175	3.25700492439678	1.95973024320923	0.0512043587012111	0.0048058291515044	0.184780946617414
amp2_1q21.3  	2.31554019639095	1.20782364712063	1.91711778611973	0.0564304244903565	0.00411986752027582	0.195155218029149
amp3_2p21    	5.3464355332545	3.03298159983704	1.76276556822559	0.0792343509199328	0.00175415982438287	0.263058045054177
amp11_5q35.3  	-3.45644519945853	1.99526265161632	-1.73232591541696	0.0845220467244883	0.00130979863683034	0.268592244507563
del4_2p23.3  	4.75096167869659	2.76773727160608	1.71655081840181	0.087373380743424	0.0010824042491141	0.268592244507563
del28_12p13.1 	3.6338911973812	2.16335473762202	1.67974818654827	0.0943295840237349	0.00055959779721293	0.27737300380393
del31_14q24.1 	-4.20019982003058	2.54694801231824	-1.64911093580098	0.100455349015774	0.000132611349412115	0.27737300380393
del8_3p13    	-4.78371067185896	2.91559641493084	-1.64073142886356	0.102185238076728	1.71336575320868e-05	0.27737300380393
del20_6q26    	-4.34102626246702	2.65672581784449	-1.63397601412594	0.103597145999058	-7.55534805012559e-05	0.27737300380393
amp24_12p12.1 	2.94973423008244	1.8589533641187	1.58677150649278	0.113903311531549	-0.000713012234836885	0.285543878620403
amp14_7p22.1  	2.83658785985999	1.79333631123928	1.58173781575848	0.115048660881709	-0.000779932743340206	0.285543878620403
del45_21q22.3 	-3.2250401649033	2.06907276975752	-1.55868861262006	0.12041006929776	-0.00108375747349787	0.285543878620403
del46_21q22.3 	-3.2250401649033	2.06907276975752	-1.55868861262006	0.12041006929776	-0.00108375747349787	0.285543878620403
amp25_12q13.2 	2.79445194608784	2.10630050423844	1.32671095148325	0.18588661245279	-0.00390203303317804	0.420269842561594
amp19_8q24.3  	1.65014469008045	1.24793762174992	1.32229741400579	0.187349206925048	-0.0039514008305277	0.420269842561594
del16_5q35.3  	-2.57049397386538	2.00621934067814	-1.28126268237276	0.201358934253328	-0.00440274658763218	0.439810303763847
del21_7p11.2  	1.24574178050024	1.01218111642809	1.23074987300333	0.219641649672613	-0.00493933420239445	0.467442485200689
del13_4q13.1  	-3.14716498869483	2.62874003571518	-1.19721423417154	0.232424226250714	-0.00528395939551429	0.470948326733827
amp15_7p11.2  	1.16200422870518	0.971033897603321	1.19666700778748	0.232637125254059	-0.00528950589670196	0.470948326733827
amp23_12p13.33	2.27979813812382	2.10755663914912	1.08172567976357	0.28047851352056	-0.00639953903793744	0.532548846238566
amp1_1p34.1  	2.10486888159718	1.9546371285742	1.07685915243643	0.282642744040094	-0.00644411676907763	0.532548846238566
del7_3p14.3  	-3.77184376510254	3.52843882571502	-1.06898374930397	0.286169153350063	-0.00651583846909864	0.532548846238566
amp36_21q22.3 	-2.23476376465588	2.10171847312616	-1.06330309850292	0.288731302177536	-0.00656725191466534	0.532548846238566
amp7_4p16.3  	-2.07518689833094	2.26110666250672	-0.917774881097528	0.359673712112439	-0.00779252328945312	0.631951347591786
del12_4p16.3  	-2.07518689833094	2.26110666250672	-0.917774881097528	0.359673712112439	-0.00779252328945312	0.631951347591786
del30_13q12.11	-2.99695467126465	3.30517436548869	-0.906746313464624	0.365465839571153	-0.00787815147959381	0.631951347591786
del29_12q24.33	-2.69551731232188	3.15637339488449	-0.853991899909713	0.393975477365973	-0.00827361789038705	0.657510221635529
amp30_17q12   	1.53051931317781	1.8226286643542	0.839731835184381	0.401908618352434	-0.00837649879349378	0.657510221635529
amp13_6p21.2  	1.90848085068219	2.30228439093794	0.828950957663699	0.407969763368995	-0.008453142397292	0.657510221635529
amp4_2p16.1  	1.83806800003583	2.2362243318278	0.82195152511084	0.411934114759608	-0.00850237881897997	0.657510221635529
del25_9p21.3  	-1.60556894661378	2.11190729443945	-0.760245940170371	0.447866418360841	-0.00891856511596933	0.701375711772637
del19_6q16.1  	-1.93564022054388	2.64792734730128	-0.731002012769216	0.465503057159504	-0.00910457988477642	0.70485337417004
del41_18q21.32	-2.00910480009252	2.75812364382903	-0.728431738217264	0.467071513004243	-0.00912058330179266	0.70485337417004
del32_14q32.33	1.32521195209209	1.8721006980296	0.707874289821526	0.479721829155134	-0.00924657041278421	0.711016282497787
del39_17p12   	1.53027091517521	2.49434576137485	0.613495906971512	0.540139326642523	-0.00977903441080485	0.782021701805253
amp29_16q22.1 	1.25763819284743	2.08243800018806	0.603925875696588	0.546472996442225	-0.00982880790255303	0.782021701805253
del43_19p13.2 	-1.5544329562034	2.646745635557	-0.58729971453274	0.557563888083503	-0.00991343072035988	0.784369537473402
del24_9p24.1  	-1.22947152624176	2.24252768653187	-0.548252551629884	0.58403672559734	-0.0101029336687306	0.79459962347464
amp31_17q24.2 	1.0539078320824	1.93001112389128	0.546063086909842	0.585538393503841	-0.0101131756930806	0.79459962347464
del37_16q24.3 	-1.28468446710472	2.40390025300673	-0.534416711133449	0.593556345246116	-0.0101669704845728	0.79459962347464
amp22_11q13.3 	0.597181678733682	1.18619280511969	0.503444023733922	0.615121700754145	-0.0103044167567004	0.800977549953265
amp20_9q34.3  	1.16695385738154	2.33444085210726	0.499885810483547	0.617621243337457	-0.0103196838494217	0.800977549953265
amp8_4q12    	0.78460081570744	1.7428240427429	0.450189345834716	0.652987181159851	-0.0105216401782255	0.831169759017888
del17_6p22.1  	0.980593959263797	2.23276415994975	0.439183849711143	0.660930169821453	-0.0105635168804206	0.831169759017888
del36_16q13   	-0.989785290426508	2.37260154587573	-0.417172993985038	0.676931110883313	-0.0106441703712037	0.838586301542015
del18_6q15    	1.15064310326696	2.89274106106317	0.397769132797549	0.691159931396787	-0.010711842546262	0.843621680969608
amp12_6p22.2  	0.703065961285857	1.91700495405834	0.366752292317999	0.714132408287852	-0.0108133399923858	0.845389232792197
amp26_12q15   	0.501277054880588	1.44471103122882	0.346973923535573	0.728920107910759	-0.0108737709659219	0.845389232792197
del42_19p13.3 	-0.93627788731384	2.70225656939015	-0.346480011527974	0.729290720606612	-0.010875237294389	0.845389232792197
del35_16p13.2 	-0.686792797934106	2.01360532380116	-0.341076173079252	0.733349695916123	-0.0108911440672004	0.845389232792197
del38_17p13.1 	0.803651064323946	2.49245681640449	0.322433295146617	0.7474099183257	-0.0109441056791972	0.84867082729178
amp18_8q21.3  	-0.445594351212931	1.43625277506369	-0.310247860926273	0.756646279754117	-0.010977117080311	0.84867082729178
amp27_14q13.3 	-0.238453709813401	0.95451891950289	-0.249815592903687	0.802947273259668	-0.0111220678817754	0.876056037195525
del9_3p11.1  	0.57698503828033	2.3340942483361	0.247198689038219	0.804969372635094	-0.0111276389154877	0.876056037195525
del6_3p24.1  	-0.681042175759152	2.88442943129355	-0.236109841471744	0.813552221393293	-0.0111505952358151	0.876056037195525
del34_15q25.3 	-0.680277201616736	3.04272741112128	-0.223574809603482	0.823281577123505	-0.0111752781997507	0.876056037195525
del27_10q21.2 	-0.294822605340771	2.17140351242128	-0.135775135139217	0.892114788495304	-0.0113104515273812	0.929453388875921
amp21_10q21.2 	-0.284515556395446	2.17128254379775	-0.131035713066529	0.895858688073176	-0.0113158699112124	0.929453388875921
amp37_22q11.21	-0.18576051037168	1.7594849942894	-0.105576638035895	0.916007941464542	-0.0113416826650523	0.938625421500704
amp28_16p13.12	0.0896959411291767	2.00951227823494	0.0446356770748181	0.964435449005711	-0.0113809107471616	0.976196856920415
amp17_8p11.22 	-0.0249676479830833	1.43130416875809	-0.0174439846736052	0.986097158126175	-0.0113881449014999	0.986097158126175
