HR	lower_CI	upper_CI	z_scores	p_values	FDR
del73_xq28    	-1.01068452955714	0.363969746228261	0.420127853166042	-2.40565942472208	0.0161433065675459	0.955990510614085
amp32_15q26.3 	0.781744909907404	2.18528206097529	0.349843071716183	2.2345587868083	0.0254463290768276	0.955990510614085
amp1_1q21.1  	0.692942059397279	1.99958979974648	0.313658126402466	2.20922718421183	0.0271588429826652	0.955990510614085
del71_xp11.23 	-0.888819868572073	0.411140666586977	0.452536094132279	-1.96408613610446	0.0495201037059096	0.955990510614085
del5_2p23.3  	-0.788391384581525	0.454575444526907	0.411327225094311	-1.91670119671937	0.055275903153123	0.955990510614085
del27_8q21.2  	-0.494567935227236	0.609834338317388	0.268824190646186	-1.83974490554001	0.0658056974510668	0.955990510614085
amp9_5p15.33 	-0.417688335095053	0.658567448804504	0.253955622860399	-1.64472962004334	0.100025581672597	0.955990510614085
del59_19q13.2 	-0.583723273167062	0.557817588058057	0.359770950137754	-1.62248584257167	0.104699362031577	0.955990510614085
del2_1p36.21 	-0.629256161709414	0.532988110558575	0.410942601593339	-1.53125073737698	0.125707435545821	0.955990510614085
amp15_7q31.2  	0.414469679676924	1.51356785202449	0.270690559843751	1.53115675668987	0.125730655348891	0.955990510614085
amp23_11q13.1 	0.271290599541451	1.31165618169146	0.183383646658994	1.47936091622129	0.139043880015118	0.955990510614085
del60_19q13.42	-0.73159078728639	0.48114298483282	0.511616083713582	-1.42996049298551	0.152728358266491	0.955990510614085
amp42_21q11.2 	-0.579803556770564	0.560008365612616	0.434949860591814	-1.33303538937029	0.18252019048848	0.955990510614085
del23_7p11.2  	-0.733537009024561	0.480207484537365	0.550527270761778	-1.33242629018095	0.182720147827848	0.955990510614085
del48_16q24.3 	0.748656771550909	2.11415831092086	0.567376845411962	1.31950532984356	0.187000229458066	0.955990510614085
amp27_12q14.3 	-0.402699444841823	0.668512994160762	0.305993303793843	-1.31604005659265	0.188160598472236	0.955990510614085
del24_7q22.1  	0.397352915446642	1.48788093356915	0.322170403579502	1.23336256537478	0.21744052492422	0.955990510614085
amp5_3q25.1  	-0.516001756140129	0.596902344429277	0.425282647343446	-1.21331486098331	0.225009463264303	0.955990510614085
del64_21p11.2 	0.513421039114441	1.6709979772577	0.435837590997559	1.17800999665794	0.238792620933451	0.955990510614085
amp3_2q31.2  	0.347450693159092	1.41545451730336	0.301939463213569	1.15072965110669	0.249843474097278	0.955990510614085
amp22_10q25.1 	-0.498403557104799	0.607499724597613	0.437320571628469	-1.13967553652661	0.254421502664607	0.955990510614085
del9_2q37.3  	0.570883055918487	1.76982921975845	0.50529508605941	1.12980132138345	0.258559951305647	0.955990510614085
del66_21q22.3 	-0.893011504148601	0.409420921532196	0.797871579945162	-1.11924215198889	0.263036847209043	0.955990510614085
del37_12p13.31	0.314276541557854	1.36926834379556	0.290354172206612	1.08239030687742	0.279079133546309	0.955990510614085
del15_5p15.33 	-0.248774081950613	0.779756114467604	0.231469620346855	-1.07475910479236	0.282482594106058	0.955990510614085
del34_11p15.5 	0.583252505966795	1.79185698872083	0.559786637846161	1.04191930734703	0.297449091871778	0.955990510614085
del72_xp11.22 	-0.441563114219554	0.643030504981132	0.435552153990244	-1.01380078177605	0.310677822199408	0.955990510614085
amp31_15q25.3 	0.288197711153915	1.33402102888883	0.285581642904306	1.00916049163036	0.312897670864192	0.955990510614085
del62_20q13.33	0.375495740819818	1.45571289207305	0.38542168924182	0.97424652348567	0.329934149813797	0.955990510614085
del61_20p11.21	0.560392459871361	1.75135970384145	0.587270720196917	0.954231908043118	0.339966266557718	0.955990510614085
del3_1p11.2  	0.499321509896163	1.64760300904161	0.537449330139391	0.929057832794509	0.352859115719909	0.955990510614085
del69_22q13.33	0.484922379646411	1.62404894469839	0.536209278612663	0.904352831978317	0.365808340698781	0.955990510614085
del4_1q42.13 	0.328496198074829	1.38887795990799	0.36823728535391	0.8920775031217	0.372351392250403	0.955990510614085
amp18_8q24.13 	0.177156219303562	1.19381757591094	0.199113272915378	0.889725816414322	0.373613128230432	0.955990510614085
del10_3p21.1  	-0.425265216783439	0.653596417401358	0.478564378278915	-0.888626977028339	0.374203587763118	0.955990510614085
amp13_6p22.2  	0.220576221301914	1.24679495345115	0.251115819723104	0.87838441060836	0.379735141537198	0.955990510614085
del36_11q25   	0.288312177132053	1.33417373765057	0.337571509017744	0.85407734192668	0.393062137320669	0.955990510614085
amp39_19q13.12	0.276916472702881	1.31905618923519	0.324769223200604	0.852656141409787	0.393850019416781	0.955990510614085
amp30_14q13.3 	0.167050285965514	1.18181369245676	0.197867153590406	0.844254758479602	0.398527061259043	0.955990510614085
amp36_17q21.2 	-0.328244474731063	0.720186930675327	0.394259673656221	-0.832559089006093	0.405093440082313	0.955990510614085
del58_19p12   	0.280001708535754	1.32313207295396	0.350725237677197	0.798350613118591	0.424667054383415	0.955990510614085
del50_17p11.2 	-0.769172658877813	0.463396296571142	1.0022789549685	-0.767423734744572	0.442829621296657	0.955990510614085
del57_19p13.12	-0.475471771011963	0.621591738317547	0.622830188548235	-0.763405145984088	0.44522181191372	0.955990510614085
amp28_13q33.1 	0.32449718198401	1.38333490536739	0.426095256962047	0.761560183273557	0.446322546483068	0.955990510614085
del51_17q11.2 	-0.332325172454024	0.717254053669352	0.443801395335528	-0.748815068962943	0.453968675971762	0.955990510614085
del33_10q26.3 	-0.408419391994251	0.664700050477552	0.561092205054448	-0.727900670005955	0.466674393016977	0.955990510614085
amp37_17q23.3 	0.263648952126078	1.30167116719025	0.366926499303176	0.718533419163699	0.472428449664699	0.955990510614085
del20_6q25.1  	0.532922305932847	1.70390436998735	0.754657995107256	0.706177247690995	0.480077917689158	0.955990510614085
del7_2q14.3  	-0.311188232596151	0.732575968214007	0.453276270888469	-0.686531046476776	0.492378293451016	0.955990510614085
amp17_8p23.1  	0.149762413474046	1.16155823935546	0.228889723287133	0.654299421237777	0.512918918691171	0.955990510614085
del38_12q24.33	-0.264357350081697	0.767699153278486	0.407662529180349	-0.64847105426446	0.516680326566172	0.955990510614085
del35_11q14.3 	0.136125122425011	1.14582525306024	0.214423209860019	0.634843226691166	0.525530667656064	0.955990510614085
amp40_19q13.33	-0.261636129853108	0.769791076745187	0.417339541177538	-0.626914308466656	0.530715407530312	0.955990510614085
del44_16p11.2 	-0.431259275448124	0.649690440155533	0.694230952233036	-0.621204332738194	0.534465189035734	0.955990510614085
del65_21q22.3 	-0.305708168127154	0.736601551902939	0.52002021474483	-0.587877469873287	0.556614540045528	0.955990510614085
amp11_5q22.3  	0.236436101361853	1.26672661092869	0.406226830888469	0.582029751320802	0.560546641251213	0.955990510614085
amp35_16q24.1 	0.237512976618652	1.26809145222314	0.40833790148516	0.581657925347605	0.560797117336555	0.955990510614085
del32_10q11.22	-0.305054731108273	0.737083031916418	0.531751457350547	-0.573679163247072	0.566184931033935	0.955990510614085
del63_20q13.33	0.2259441853876	1.25350569939089	0.405454957174227	0.55726087790933	0.577349201124287	0.955990510614085
del45_16q11.2 	-0.338621707868359	0.712752026579921	0.609201605643059	-0.555845067924465	0.578316773334157	0.955990510614085
amp25_12p12.1 	-0.147534106601697	0.862833009517733	0.268245022513659	-0.549997555291766	0.582321050373152	0.955990510614085
del56_19p13.2 	-0.297778323246758	0.742465908938605	0.547292615328412	-0.544093442715412	0.586377172579107	0.955990510614085
amp26_12q13.11	-0.340262730266927	0.711583343719322	0.632137646729305	-0.538273162542137	0.590388476541306	0.955990510614085
del46_16q22.1 	0.253017724365051	1.28790610395027	0.47382552126555	0.533989228121908	0.593348986739014	0.955990510614085
amp20_9q33.2  	-0.297982594657347	0.742314259869384	0.57162504948937	-0.521290301961982	0.602164555832905	0.955990510614085
amp33_16p13.13	0.218028897886344	1.24362300517606	0.420303398079348	0.518741696790144	0.603940880344154	0.955990510614085
amp29_14q11.2 	0.0887929765334733	1.09285438640206	0.172385922139965	0.515082527802821	0.606495351559721	0.955990510614085
del14_4q35.2  	0.324153133674261	1.38285905319414	0.647486104386822	0.500633344064176	0.616629191115561	0.955990510614085
del43_16p13.11	-0.218997452153882	0.803323764896355	0.460773387164669	-0.475282336728396	0.634585747110219	0.955990510614085
amp6_3q29    	0.0672148907685341	1.06952528459245	0.143740624563396	0.467612346702231	0.640061833908495	0.955990510614085
del28_8q24.3  	0.137493056459496	1.14739373896951	0.296621281974009	0.463530652772054	0.642984048568991	0.955990510614085
del11_3q21.3  	-0.181377806978863	0.834120162739229	0.403288217034376	-0.44974735020191	0.652892625058746	0.955990510614085
amp7_4q28.1  	0.154394400027886	1.16695104155328	0.346149039894945	0.446034459823272	0.655572354160248	0.955990510614085
amp10_5p13.2  	-0.12339434130261	0.883915029620977	0.289722643244562	-0.425905065343651	0.670177023788255	0.955990510614085
del70_22q13.33	-0.251649240519769	0.777517411847944	0.6014918611298	-0.418375138189049	0.675672861031724	0.955990510614085
amp41_20q13.2 	0.136222709638213	1.14593707640967	0.328147891120157	0.415125964007285	0.678049693341977	0.955990510614085
del68_22q13.2 	0.225805091234295	1.25333135620231	0.552224411897035	0.408900958323438	0.68261234571948	0.955990510614085
amp19_9p22.3  	0.146346137195072	1.15759680602387	0.369352107254182	0.396223912956746	0.691939851871718	0.955990510614085
del18_6p22.1  	0.119248380034768	1.12664972083506	0.304901948149857	0.391104027896072	0.695720343468774	0.955990510614085
amp34_16q13   	0.187222913634372	1.20589606576606	0.479489336064966	0.390463143916521	0.696194103612983	0.955990510614085
del49_17p11.2 	0.169233189689465	1.18439629572866	0.435621507245307	0.388486764025099	0.697655847217728	0.955990510614085
del41_15q11.1 	-0.157632224991761	0.854163864331361	0.422818151515514	-0.372813287288536	0.709287412850214	0.955990510614085
del67_22q11.21	-0.281530081485195	0.754628214996372	0.755652770239282	-0.372565406457845	0.709471923665239	0.955990510614085
amp4_3q21.3  	-0.126993638648888	0.880739275271105	0.349757103840152	-0.363090948702867	0.716536945801592	0.955990510614085
amp14_6q21    	-0.122427933604071	0.884769664806954	0.342827835235227	-0.357111999146945	0.721007961946332	0.955990510614085
amp24_11q14.2 	0.0924037582349639	1.09680757778337	0.265719413148438	0.347749368930544	0.728028416815268	0.955990510614085
amp21_10q21.2 	-0.128925337415108	0.879039594463886	0.383972015588699	-0.335767535603973	0.737046173130485	0.955990510614085
amp2_2q24.2  	-0.180661546258183	0.834717824263313	0.542654461110856	-0.332921885297606	0.739193248826911	0.955990510614085
del1_1p36.33 	-0.203070679301869	0.816220549488212	0.626999383474312	-0.323876999968675	0.746031157601622	0.955990510614085
del31_9q34.13 	-0.144692296655667	0.865288504318193	0.458486369344188	-0.315586910168416	0.75231607447921	0.955990510614085
del22_7p22.1  	-0.0768102319450574	0.926065574595693	0.253915039853891	-0.3025036720521	0.76226813461185	0.955990510614085
amp44_21q22.3 	0.110681710157107	1.11703930799986	0.376214352167193	0.294198532085556	0.768606202264626	0.955990510614085
del42_15q11.2 	0.134910154884388	1.1444339579309	0.467283545280255	0.288711546227195	0.772802126190888	0.955990510614085
del47_16q23.1 	0.10291721486716	1.10839964626581	0.357730824719457	0.287694567410763	0.773580548875627	0.955990510614085
del12_3q29    	0.0803200037296413	1.08363377904839	0.282824812402334	0.283992069321632	0.776416458306287	0.955990510614085
del26_8p23.1  	-0.123163623913929	0.884118987715863	0.450181786563342	-0.273586421285836	0.784402470247454	0.955990510614085
del40_14q11.2 	0.136858197936023	1.14666553745148	0.558110268912846	0.245217129228983	0.806288314009729	0.972533327207611
del6_2p11.2  	0.121785883678826	1.12951222888361	0.558624464159452	0.218010294021179	0.827421090861402	0.985930788414365
del13_4p16.1  	0.0740610211862533	1.07687251552969	0.403175623087571	0.1836941941556	0.854253363798888	0.985930788414365
del8_2q37.3  	0.0951999146473318	1.09987871501418	0.520537739364918	0.182887632246378	0.854886187265272	0.985930788414365
del16_5p14.3  	-0.0438942463649257	0.957055164184043	0.241017699202554	-0.182120427297069	0.855488218144195	0.985930788414365
amp12_5q31.3  	0.0340120730807389	1.03459709742701	0.192187655777908	0.176973244941617	0.859529405284318	0.985930788414365
del30_9q34.13 	0.0665841630048303	1.0688509179947	0.423360842191939	0.157275204433392	0.875027961043896	0.993895935734779
amp38_19q12   	0.0648770312261612	1.06702780521557	0.442603071652818	0.146580616767729	0.88346305398647	0.993895935734779
amp16_7q36.1  	-0.0427175469710962	0.958181993255123	0.36044817205846	-0.118512314064858	0.905661738643891	0.999569180177953
amp43_21q22.11	0.0377247631367827	1.03844537509334	0.328367308708263	0.114885867552361	0.908535586978126	0.999569180177953
del55_18q23   	-0.0543433908977471	0.947106822793121	0.549684765376392	-0.098862828880724	0.921247182530963	0.999569180177953
del19_6p21.33 	-0.0304164892720773	0.970041437551315	0.425268061720185	-0.0715230980409023	0.942981442052697	0.999569180177953
del21_6q27    	0.0394809116002111	1.04027064159354	0.587534976975149	0.0671975510351293	0.946424434710684	0.999569180177953
del25_7q35    	0.0137566114579343	1.0138516690272	0.323672335581126	0.0425016596899932	0.966098788706253	0.999569180177953
del54_18p11.21	-0.0167060492799057	0.983432722908387	0.4858872476608	-0.0343825637744835	0.972572087343327	0.999569180177953
del52_17q25.1 	-0.0102718232055071	0.989780751802762	0.453990558419943	-0.0226256317780195	0.981948897856714	0.999569180177953
amp8_4q31.21 	-0.00685725447047872	0.993166202850726	0.47372871452279	-0.0144750661301719	0.98845097152613	0.999569180177953
del17_5q13.2  	-0.00308870462400377	0.996916060516823	0.328579423501723	-0.00940017664857693	0.992499854639735	0.999569180177953
del39_13q11   	-0.00447048258350529	0.995539495149794	0.48199065175641	-0.00927504001833753	0.992599694872253	0.999569180177953
del29_9p21.3  	0.000843075592500781	1.00084343108062	0.379937062943749	0.00221898749747824	0.998229505588106	0.999569180177953
del53_18p11.21	-0.000227844785948351	0.999772181168704	0.42197182866418	-0.000539952599844474	0.999569180177953	0.999569180177953
