estimate	std_error	t_value	p_values	r_sq	FDR
amp6_3q29    	0.300303815869379	0.079244057460616	3.7896067603382	0.000428893906495561	0.203764521708409	0.0394292719729086
amp27_12q14.3 	0.454966271638095	0.124940885578604	3.64145227185751	0.000674004649109549	0.189217413696609	0.0394292719729086
del12_3q29    	0.498922321927382	0.173917437621372	2.86873086880203	0.00615493361779971	0.11536774858662	0.240042411094189
amp21_10q21.2 	-0.701625230441131	0.265576238787475	-2.64189760968262	0.0111609116653922	0.0948825213092948	0.265627310536891
del36_11q25   	0.583145141775326	0.221283647991947	2.63528347922278	0.0113515944673885	0.0942968812571587	0.265627310536891
amp8_4q31.21 	-0.735156848190379	0.295221127611311	-2.49019050275523	0.0163601998517563	0.081636520153242	0.319023897109247
amp11_5q22.3  	-0.558194534261201	0.237769402153095	-2.3476298010027	0.0231551947193063	0.0695747555351599	0.353829032511442
del55_18q23   	0.691061097665736	0.300235263071446	2.30173195045808	0.0258290728168514	0.0657782648397719	0.353829032511442
del54_18p11.21	0.669079124685363	0.293513869317425	2.27954858229128	0.0272176178854955	0.0639593001238121	0.353829032511442
del52_17q25.1 	0.525546198688412	0.239876394621801	2.19090419262391	0.0334521394979364	0.0567984064456445	0.391390032125856
del11_3q21.3  	0.544772038188192	0.255368024677856	2.1332821087347	0.0381522047234571	0.0522394893585258	0.392234764854771
del5_2p23.3  	0.531202089841796	0.251780004248771	2.10978664261576	0.0402292066517713	0.0504030895537363	0.392234764854771
amp7_4q28.1  	-0.399529202681767	0.206469714585825	-1.93504991026513	0.059014616564273	0.0371768555326001	0.501206384163013
amp20_9q33.2  	-0.611261445975678	0.317862090330276	-1.92303978540047	0.0605456388205315	0.0362968714135801	0.501206384163013
del45_16q11.2 	0.648706537854461	0.349231066456066	1.85752815302893	0.0695075128916902	0.0315658596318102	0.501206384163013
del37_12p13.31	0.323013496710313	0.173965463566269	1.85676794743381	0.0696177806578011	0.0315116548905686	0.501206384163013
amp5_3q25.1  	0.454069681407567	0.247437068307447	1.83509158313892	0.0728248592373608	0.0299728800165761	0.501206384163013
del69_22q13.33	-0.572309979378743	0.321391764117569	-1.78072384944309	0.0814214531488476	0.0261720469266461	0.509191977692806
amp40_19q13.33	0.404086295227117	0.230108743557517	1.75606667082649	0.0855918483018228	0.02447639018155	0.509191977692806
amp32_15q26.3 	-0.371570694191424	0.214046250689262	-1.73593647632186	0.0891273499974733	0.023105276869018	0.509191977692806
amp31_15q25.3 	-0.285212713219204	0.165496062616709	-1.72338065757951	0.0913934318935805	0.0222561482583569	0.509191977692806
del53_18p11.21	0.411389334618698	0.243091561338603	1.69232256501769	0.0972047287357244	0.020176004857518	0.516952421003625
del49_17p11.2 	0.418095184327555	0.259109493776332	1.61358496840128	0.113312449304984	0.0150342989054402	0.576415502986224
del43_16p13.11	0.428544889723767	0.279382363589157	1.53390101013663	0.131758637475839	0.0100288439951867	0.626652202170075
amp2_2q24.2  	-0.514721389349413	0.337468419461661	-1.52524313288488	0.133900043198734	0.0094972809511753	0.626652202170075
del61_20p11.21	0.511122814084557	0.342304035135881	1.49318372446782	0.142072307002102	0.00755028276681391	0.639325381509459
amp26_12q13.11	-0.569739213661854	0.389096816276399	-1.46426079533155	0.149779773952724	0.00582286905584339	0.649045687128473
amp22_10q25.1 	0.356237040979079	0.249790479079409	1.42614339142138	0.160435759015264	0.00358904297747187	0.660651733157302
del56_19p13.2 	0.457971051777979	0.323725870214296	1.4146878390498	0.163751284286853	0.00292729596082641	0.660651733157302
del72_xp11.22 	0.338987902451419	0.248048497041936	1.3666194574608	0.178246964747448	0.000199487583028457	0.695163162515046
del23_7p11.2  	-0.373686860766446	0.290480301639918	-1.28644475600164	0.204588813441141	-0.00417141901050022	0.715860344708729
del25_7q35    	-0.252846882465726	0.197484625654855	-1.28033704713615	0.20670957708342	-0.00449507835492846	0.715860344708729
amp23_11q13.1 	-0.151273722674958	0.118697427330023	-1.27444820058619	0.208769902096103	-0.00480587750242867	0.715860344708729
del24_7q22.1  	0.181720434013683	0.144109527826378	1.26098833820772	0.213536695828151	-0.00551159000776558	0.715860344708729
amp3_2q31.2  	-0.245373233312271	0.194851487789661	-1.25928334495012	0.21414625696415	-0.00560051990640797	0.715860344708729
del46_16q22.1 	0.327942066445991	0.265104433631509	1.23702973184457	0.222221363277024	-0.0067516187358696	0.722219430650327
del19_6p21.33 	0.284245130532687	0.251139053239374	1.13182369235803	0.26345033659216	-0.0119482836857356	0.781776266327562
del71_xp11.23 	0.283701572725656	0.253245927344521	1.12026114575854	0.268294467263413	-0.0124943613026716	0.781776266327562
del68_22q13.2 	-0.365640530854578	0.333001227276636	-1.09801556542261	0.277791108925047	-0.013530825336302	0.781776266327562
amp24_11q14.2 	0.188058344281782	0.17276641556755	1.08851216056081	0.281919319966972	-0.0139679049915962	0.781776266327562
del50_17p11.2 	0.679308502955478	0.632225937045273	1.07447110779771	0.288096937201872	-0.0146074045792726	0.781776266327562
amp43_21q22.11	-0.220237530522546	0.205970376514349	-1.06926799013354	0.290409900166108	-0.0148424747055351	0.781776266327562
del73_xq28    	0.247128308800151	0.235927640316484	1.04747501593557	0.300237540822581	-0.0158158121791157	0.781776266327562
del21_6q27    	-0.346419291823943	0.336365127142233	-1.02989062738795	0.308332345806387	-0.0165878975461098	0.781776266327562
del33_10q26.3 	0.323886733790935	0.315737245819904	1.02581098074086	0.310231476949066	-0.0167653220039417	0.781776266327562
del20_6q25.1  	0.452976811860235	0.442493565182123	1.02369129746282	0.311221358884201	-0.0168572537052347	0.781776266327562
amp29_14q11.2 	0.11005081597209	0.108429317136586	1.014954431867	0.315324111874997	-0.0172343424959223	0.781776266327562
del67_22q11.21	0.4830190428886	0.481304605393208	1.0035620633507	0.320728724647205	-0.0177216033661116	0.781776266327562
del60_19q13.42	0.279186139975155	0.292755327810918	0.953650073810011	0.345139962048008	-0.0197967586670065	0.791640288465267
del1_1p36.33 	0.335691278406355	0.35305318579962	0.950823535683602	0.346558077188479	-0.0199113550902157	0.791640288465267
amp4_3q21.3  	0.195006582741651	0.20526405745406	0.95002790629965	0.346957945707251	-0.0199435556007415	0.791640288465267
amp16_7q36.1  	-0.20198609504634	0.218532239767233	-0.924285108968285	0.360059184854831	-0.0209719341330143	0.791640288465267
amp28_13q33.1 	0.195823746524645	0.211934195161826	0.923983722282854	0.360214444863684	-0.02098381880135	0.791640288465267
amp34_16q13   	0.302971232424147	0.331471644121394	0.914018552709717	0.365372440830123	-0.0213747496259673	0.791640288465267
del40_14q11.2 	-0.319321648436838	0.367212644426711	-0.869582388524121	0.388948049486502	-0.0230698282650594	0.792206984727911
del57_19p13.12	-0.339640214241049	0.395748968575711	-0.858221350426773	0.395125896381022	-0.0234905226636555	0.792206984727911
del8_2q37.3  	-0.278630757550244	0.328092145054573	-0.849245438362744	0.400049820632457	-0.0238192252806995	0.792206984727911
del16_5p14.3  	0.124566421017375	0.148150569206029	0.840809601238478	0.404712023407289	-0.0241251894459162	0.792206984727911
amp18_8q24.13 	-0.0920095166474167	0.109581137727002	-0.839647393300829	0.405356955516024	-0.0241671170762328	0.792206984727911
del4_1q42.13 	0.196114851601142	0.234021131128792	0.838021979704095	0.40625999216816	-0.0242256637124083	0.792206984727911
del6_2p11.2  	0.259063195932632	0.316609652355269	0.818241623416889	0.417348487226647	-0.0249295758417551	0.798262035632504
del2_1p36.21 	-0.202722227594736	0.250811726418003	-0.808264551621797	0.423010651360814	-0.0252786035736345	0.798262035632504
amp44_21q22.3 	-0.183424589439769	0.238611825654716	-0.768715418594524	0.445907975549934	-0.0266222373346221	0.823553981685735
amp17_8p23.1  	-0.0833453865342333	0.110404628565549	-0.754908445570738	0.45407024759226	-0.0270762362258015	0.823553981685735
amp15_7q31.2  	0.111284103747486	0.150197051842221	0.740920693066517	0.462427386555797	-0.0275281874376174	0.823553981685735
amp13_6p22.2  	-0.120394117491302	0.163748465935456	-0.735238139811076	0.46584763706085	-0.0277094908245195	0.823553981685735
del51_17q11.2 	-0.212461856117224	0.295788860757058	-0.718288902338775	0.476134833135073	-0.0282423400417751	0.823553981685735
amp14_6q21    	-0.137291663482617	0.193992949685954	-0.707714706667807	0.482617320405021	-0.0285687489302633	0.823553981685735
del35_11q14.3 	0.0921907032366821	0.134902429964551	0.683388010585928	0.497716980862407	-0.0293020523216871	0.823553981685735
del66_21q22.3 	-0.321467725770379	0.472911322109662	-0.679763225664187	0.499988921967312	-0.0294092097726057	0.823553981685735
del47_16q23.1 	-0.142303428072457	0.215738374289603	-0.659611107857113	0.512722780369478	-0.0299949580435481	0.823553981685735
del48_16q24.3 	0.220962626032461	0.349409641308352	0.632388463023156	0.53019766442186	-0.0307592340416081	0.823553981685735
del39_13q11   	-0.194296017364367	0.311022689688244	-0.624700460146884	0.535188761380651	-0.0309694413275978	0.823553981685735
del34_11p15.5 	0.199235222781853	0.329090244284148	0.605412120967726	0.547817599234122	-0.0314858743131969	0.823553981685735
del7_2q14.3  	-0.173843720857057	0.28928681429772	-0.600938972206819	0.550767927734024	-0.0316033987867039	0.823553981685735
del29_9p21.3  	0.166587822866242	0.278109019779323	0.599001869836611	0.552048070603129	-0.0316540307133157	0.823553981685735
del65_21q22.3 	0.192919816733972	0.323312816018257	0.596697090792337	0.553573156417128	-0.0317140664412539	0.823553981685735
del41_15q11.1 	-0.155278640980951	0.261780379110085	-0.593163786792641	0.555915293183472	-0.0318056673226379	0.823553981685735
amp37_17q23.3 	0.1365931263557	0.230372351011645	0.59292326425403	0.556074910710881	-0.0318118836800929	0.823553981685735
del59_19q13.2 	0.115014869069758	0.205673661565275	0.559210490027943	0.57867319753862	-0.0326589551118388	0.839566818662581
del13_4p16.1  	-0.138968559435766	0.255042201996618	-0.544884565565382	0.588409260777756	-0.0330043002675382	0.839566818662581
del63_20q13.33	0.135224362777658	0.248174059073661	0.544877104732052	0.588414351541296	-0.0330044778452281	0.839566818662581
del22_7p22.1  	0.0881182538123636	0.16606367119424	0.530629325358551	0.598174150403134	-0.0333392663447554	0.843209344544177
del62_20q13.33	0.117029478869387	0.23739670271673	0.492970110916117	0.624329126501599	-0.0341824197135376	0.867652605932397
amp30_14q13.3 	0.0611380150763974	0.126211727916359	0.484408351630473	0.630345910292767	-0.0343656352143269	0.867652605932397
del3_1p11.2  	0.130824019266191	0.323332850111761	0.40461097355549	0.687599038391813	-0.0359214788450521	0.923277820750894
del9_2q37.3  	-0.129260857188216	0.325550922488848	-0.397052652162716	0.693125980181243	-0.0360545831828332	0.923277820750894
amp41_20q13.2 	0.0803150715051893	0.20318983132191	0.395271116584312	0.694431181419475	-0.0360855959599584	0.923277820750894
del10_3p21.1  	0.117913603060395	0.314274408467422	0.375193142946025	0.709204719216499	-0.0364255900296797	0.925345538497384
del32_10q11.22	0.126721764528665	0.340946540170681	0.371676346870178	0.711804260382603	-0.0364833407705105	0.925345538497384
amp36_17q21.2 	-0.0710498965532126	0.216406301766387	-0.328317132972919	0.744130169720872	-0.0371511385500156	0.942601011744485
amp25_12p12.1 	0.0468861554539385	0.147146368579123	0.318636170954684	0.751414134287732	-0.0372890494188001	0.942601011744485
del17_5q13.2  	-0.0697522641735873	0.220942353101799	-0.315703454744365	0.753625267110369	-0.0373300201601456	0.942601011744485
amp35_16q24.1 	-0.0739962308881174	0.23980715739607	-0.308565564479395	0.759015595243911	-0.0374281682458237	0.942601011744485
amp12_5q31.3  	-0.0360089133515342	0.119955737777448	-0.300185001724062	0.765359795860906	-0.0375405616646558	0.942601011744485
del14_4q35.2  	-0.11339237560077	0.458856126191723	-0.247119672438222	0.80589190758376	-0.0381808614035186	0.946616239903431
amp1_1q21.1  	-0.0442594509542573	0.182845346093375	-0.24205948852346	0.809787176341443	-0.0382354709200747	0.946616239903431
amp38_19q12   	-0.0488210893307439	0.206214596292204	-0.236748950891745	0.81388039969487	-0.0382915732219085	0.946616239903431
del44_16p11.2 	0.109550753720517	0.491392159346131	0.222939563924443	0.824548625564852	-0.0384316610830502	0.946616239903431
del70_22q13.33	0.0794402312962402	0.363155485312799	0.218749914317873	0.827791999593532	-0.0384725055170332	0.946616239903431
del28_8q24.3  	0.0306868199656745	0.142016277501417	0.216079596688262	0.829860785088222	-0.0384981354729623	0.946616239903431
del58_19p12   	0.0397621997413269	0.190857701009204	0.208334269621163	0.835868192220627	-0.0385707019962009	0.946616239903431
del64_21p11.2 	-0.056920319239362	0.288400903269683	-0.197365259935181	0.844392795084191	-0.0386689560197755	0.946616239903431
amp10_5p13.2  	-0.0296927482527738	0.15251220200541	-0.194690968082151	0.846474026891915	-0.0386921079040714	0.946616239903431
del30_9q34.13 	-0.0424997514738667	0.228211868892748	-0.186229365195025	0.853066373008483	-0.0387632874839936	0.946616239903431
del27_8q21.2  	0.0295143770636355	0.163609796601207	0.180394925467548	0.857618131878322	-0.0388105305995667	0.946616239903431
del26_8p23.1  	0.0314971204137689	0.272349653235296	0.115649570467993	0.908422988455843	-0.0392340570351282	0.986875097543203
del31_9q34.13 	-0.0224277488324955	0.275991828261496	-0.0812623655336843	0.935578370363476	-0.0393837575923759	0.986875097543203
amp33_16p13.13	0.0199063266496366	0.263130207325081	0.0756520007793844	0.940017069124881	-0.039403223694237	0.986875097543203
amp19_9p22.3  	-0.0109240395984111	0.16520986302023	-0.0661221999625619	0.947561005128833	-0.0394330999958072	0.986875097543203
del42_15q11.2 	-0.0166778600092612	0.290850039727955	-0.0573417835007371	0.954516031316046	-0.0394570730685435	0.986875097543203
amp42_21q11.2 	0.0133774902025843	0.234037143040096	0.0571596885383804	0.954660309690115	-0.0394575341604646	0.986875097543203
del15_5p15.33 	0.00584147219809426	0.131955574285253	0.0442684761878005	0.964877947559054	-0.0394864504866665	0.986875097543203
amp9_5p15.33 	0.0050675678594047	0.139003936654017	0.0364562902417501	0.971072933494549	-0.0395003977198845	0.986875097543203
amp39_19q13.12	-0.0045731055465131	0.157147806902469	-0.0291006641241346	0.97690752607762	-0.0395110626347261	0.986875097543203
del18_6p22.1  	0.00493390133361649	0.18160286352825	0.0271686318032588	0.978440267649671	-0.0395134670545807	0.986875097543203
del38_12q24.33	-0.00233454119251125	0.266227653517371	-0.00876896581428543	0.993040583132394	-0.0395280918746828	0.993040583132394
