estimate	std_error	t_value	p_values	r_sq	FDR
del9_2q37.3  	-44.8815484141882	17.6337188310048	-2.54521175279683	0.0145904369859383	0.116551817983196	0.80234404152793
amp14_6q21    	25.4967977492028	11.0987979483766	2.2972575830099	0.0265346526529491	0.0945795153452663	0.80234404152793
del68_22q13.2 	-40.9830607730531	18.6495751356321	-2.1975332132232	0.0334171054581455	0.0860941916111119	0.80234404152793
amp19_9p22.3  	19.6552259309225	9.01070572250739	2.18131925913713	0.0346745657503505	0.0847355554763632	0.80234404152793
del62_20q13.33	-28.1669675887791	13.4853441547196	-2.088709584688	0.0426893248247652	0.0770937278951781	0.80234404152793
amp30_14q13.3 	-17.1655376735076	8.24775961252429	-2.08123641812276	0.0434018038539256	0.076486093975031	0.80234404152793
amp4_3q21.3  	-23.1824113140699	11.5444058826406	-2.0081077839553	0.0509400997846553	0.0706140874022809	0.80234404152793
del57_19p13.12	43.6669681794485	22.124192121955	1.97372034823886	0.0548611310446448	0.0679004829080592	0.80234404152793
del52_17q25.1 	-26.5164081507983	13.8731137405124	-1.91135232124313	0.0626392832178242	0.0630594128578577	0.811499579910385
del4_1q42.13 	-27.3349816257821	14.6756722137242	-1.86260508055089	0.069358938453879	0.0593501041829403	0.811499579910385
del11_3q21.3  	-26.8893864903445	15.7801570329563	-1.70399993068428	0.0955984600663283	0.0477582364739553	0.989497108990565
del63_20q13.33	-21.962351603343	14.2367722199434	-1.54264964445925	0.13024391741304	0.0367658975508919	0.989497108990565
del23_7p11.2  	24.052455871778	17.1404121291359	1.40326006694394	0.167719525624133	0.0279702663091762	0.989497108990565
amp32_15q26.3 	-17.4829788836198	12.577688588889	-1.38999934368419	0.171683366608072	0.0271689548874317	0.989497108990565
amp33_16p13.13	20.536590283712	14.8003529511584	1.3875743606577	0.172416021141932	0.02702310028916	0.989497108990565
del43_16p13.11	22.906514535906	17.3752470690556	1.31834180227004	0.194368753512045	0.0229488243619786	0.989497108990565
amp1_1q21.1  	-14.4693754906102	10.9836885848924	-1.31735121391845	0.194697607892933	0.0228918008591893	0.989497108990565
del37_12p13.31	-13.4212956832513	10.3169773313197	-1.30089417202727	0.200222980426777	0.0219497554781691	0.989497108990565
amp35_16q24.1 	-18.2495135695686	14.8945466382311	-1.22524800605384	0.227150962100263	0.0177499049288734	0.989497108990565
del73_xq28    	18.2413440929319	14.9512188565716	1.22005732562159	0.229092407230075	0.0174696641611847	0.989497108990565
del31_9q34.13 	19.5425276818734	16.2054551284138	1.2059227912463	0.234440992483504	0.0167117824512524	0.989497108990565
amp24_11q14.2 	-11.9224285937601	9.95356200338424	-1.19780522688325	0.237553827104208	0.0162799957282653	0.989497108990565
del35_11q14.3 	-9.18345665300684	7.7441118972339	-1.18586311443757	0.242188026317711	0.0156493954190112	0.989497108990565
amp12_5q31.3  	-7.89160486540904	6.87221262518799	-1.14833537549243	0.257178439238062	0.0137037968610358	0.989497108990565
del46_16q22.1 	-18.6604533020709	16.519162488882	-1.12962465952073	0.26489670255569	0.0127543405613791	0.989497108990565
amp23_11q13.1 	7.58166920853564	7.07171271488186	1.07211216210475	0.289650095330112	0.00992276719562779	0.989497108990565
amp16_7q36.1  	13.9093289178918	13.0894297562235	1.06263826438111	0.293877684970181	0.00946901491629981	0.989497108990565
del56_19p13.2 	20.4753451591986	19.7078648341074	1.03894284497846	0.304638295168464	0.00834998183624103	0.989497108990565
del14_4q35.2  	-27.5572417760439	26.7940056988067	-1.02848532936123	0.309472378571903	0.00786335646727065	0.989497108990565
amp5_3q25.1  	-15.9621989673279	15.5310717140127	-1.0277590150412	0.309810062236722	0.00782972367620272	0.989497108990565
del64_21p11.2 	-17.1903642118395	16.7517417757924	-1.02618369133895	0.310543339413233	0.00775685039352769	0.989497108990565
del10_3p21.1  	19.1684682775678	19.0673990313126	1.00530063099268	0.320375957155392	0.00680038745001665	0.989497108990565
amp39_19q13.12	-8.79449735553331	8.94724120005744	-0.982928386403269	0.331141134217606	0.00579555398957921	0.989497108990565
del67_22q11.21	-27.2142732980189	27.9103262747458	-0.975061094955501	0.334983676264829	0.00544710030444573	0.989497108990565
del29_9p21.3  	15.910236665128	16.9488301795041	0.938721817176973	0.353116841685854	0.00387087472888892	0.989497108990565
del36_11q25   	-12.9980835196884	13.9439448403506	-0.932166877344131	0.356454953794764	0.0035924067859856	0.989497108990565
amp18_8q24.13 	-5.99038998486436	6.51923799675321	-0.918878860972366	0.363284843233377	0.00303342093864323	0.989497108990565
del53_18p11.21	-13.4281300747727	14.7802992767666	-0.908515438241536	0.368669975934279	0.00260260656199907	0.989497108990565
amp6_3q29    	-4.53243152288685	5.14394168301907	-0.881120316322615	0.383151340750343	0.00148557270157246	0.989497108990565
amp13_6p22.2  	8.46384753716687	9.87877312910287	0.856771121935412	0.396321166211659	0.000519428791920684	0.989497108990565
amp26_12q13.11	20.323273111196	23.8400686885966	0.852483832016694	0.398669018752979	0.000351927921361295	0.989497108990565
del44_16p11.2 	24.3087314596414	29.7065634224541	0.818294971180252	0.417700527856059	-0.000955661624854942	0.989497108990565
del55_18q23   	14.5415071262491	18.4915385880119	0.786387084938208	0.435953258897511	-0.00213064600849044	0.989497108990565
amp40_19q13.33	10.6472853458665	13.8194597537906	0.770455975527263	0.445242095243832	-0.00270080035558018	0.989497108990565
del42_15q11.2 	12.9504332824552	16.8618370054858	0.768032171004971	0.446665495938425	-0.00278657866838117	0.989497108990565
del71_xp11.23 	11.5104005653038	15.1762880129675	0.758446370777139	0.452321041723401	-0.0031233133074775	0.989497108990565
del34_11p15.5 	-14.8565550434012	19.6821069109752	-0.754825441737482	0.454468215507154	-0.00324946878106402	0.989497108990565
amp37_17q23.3 	-9.86461339751781	13.405527570172	-0.735861632142479	0.46581022533308	-0.00390082370452727	0.989497108990565
amp21_10q21.2 	12.0473187084842	16.4059519649863	0.734326099100842	0.466735680730843	-0.0039528762507608	0.989497108990565
del25_7q35    	8.35164524775053	11.7632023661556	0.709980580779553	0.481548901383254	-0.00476432642918834	0.989497108990565
del51_17q11.2 	12.9969494518328	18.5108184066147	0.702127219139509	0.486383267800277	-0.00502052014017806	0.989497108990565
amp38_19q12   	-8.05735129407234	11.903626432884	-0.676882069468659	0.50210610547148	-0.00582561794517455	0.989497108990565
del39_13q11   	12.9007889981783	19.6116466910807	0.657812635592987	0.514164860377986	-0.00641503870450411	0.989497108990565
del58_19p12   	-6.96787243722377	10.9015255448211	-0.639164895644715	0.526106107255996	-0.00697577759458023	0.989497108990565
del65_21q22.3 	11.6157008691782	18.6419168502709	0.623095841617242	0.536512578919962	-0.00744652321729156	0.989497108990565
del40_14q11.2 	13.3269766545221	21.6037067202589	0.616883798094923	0.540564109216332	-0.00762540908680998	0.989497108990565
del47_16q23.1 	-8.23960257261697	13.3954083557638	-0.615106486774003	0.541726188884208	-0.00767627148251049	0.989497108990565
amp43_21q22.11	-7.05035968179978	12.0767667425313	-0.583795301516438	0.562408107507186	-0.00854905604193368	0.989497108990565
amp27_12q14.3 	4.68802944346479	8.1101316962027	0.578046031688955	0.566248147230936	-0.00870451880686063	0.989497108990565
amp8_4q31.21 	11.408499981297	19.9658511324337	0.571400633292533	0.570702893837965	-0.00888235502707868	0.989497108990565
del30_9q34.13 	-7.51872335444	13.461255383363	-0.55854548036675	0.579369087214133	-0.00922070608474757	0.989497108990565
del8_2q37.3  	-10.5985261328692	19.3900974075209	-0.546594785478402	0.587482473384844	-0.00952854335254472	0.989497108990565
del17_5q13.2  	7.30168646684544	13.409402479099	0.544519897752824	0.588896652840312	-0.009581330816127	0.989497108990565
del27_8q21.2  	4.79382452400229	9.87112285841669	0.48564125811835	0.629687029558392	-0.01099764717881	0.989497108990565
amp20_9q33.2  	9.50588008035345	19.5898727060909	0.485244606893126	0.629966030222529	-0.0110066522472101	0.989497108990565
del66_21q22.3 	13.527534892667	28.2637229077284	0.478618295856844	0.634634970823848	-0.0111560228551983	0.989497108990565
del38_12q24.33	7.3838507728496	15.7331565282024	0.469317823134457	0.641213569936894	-0.0113622828015665	0.989497108990565
del45_16q11.2 	11.4994971843963	24.5606056706352	0.468209022961724	0.641999832325311	-0.0113866085846206	0.989497108990565
amp44_21q22.3 	6.8328187471953	14.6914239680432	0.465088936379349	0.644214548084566	-0.0114547571161212	0.989497108990565
del32_10q11.22	-9.08571298962958	19.9264470971131	-0.455962517821147	0.650711443774741	-0.0116515310459413	0.989497108990565
del28_8q24.3  	-3.80069566704405	8.44687452708296	-0.449952897353689	0.655004651626148	-0.0117790154873822	0.989497108990565
amp9_5p15.33 	3.69243025807507	8.31042805725149	0.444312884082203	0.659044588153321	-0.0118971494191984	0.989497108990565
amp17_8p23.1  	2.825114740789	6.53170701407421	0.432523187996886	0.667522764801818	-0.0121393658422355	0.989497108990565
del70_22q13.33	-9.02039746803349	21.0668079037096	-0.428180553468905	0.670656809352231	-0.0122269712817886	0.989497108990565
del49_17p11.2 	6.63733901695092	15.9972435291018	0.414905168185784	0.680274196563819	-0.0124893889870514	0.989497108990565
del41_15q11.1 	6.29672679320515	15.1854058550099	0.4146564703852	0.68045488736271	-0.0124942274734108	0.989497108990565
del12_3q29    	-4.56008073870058	11.1024402753096	-0.410727788272062	0.68331177565533	-0.0125702822831186	0.989497108990565
del18_6p22.1  	3.98084051800744	10.6554608070095	0.373596279889528	0.710540398017116	-0.0132538593074338	0.989497108990565
del59_19q13.2 	4.46112871141427	12.0571730363493	0.369997900665861	0.713200242917975	-0.0133167103177705	0.989497108990565
del48_16q24.3 	-7.44948434694461	20.2348012405692	-0.368152088986621	0.71456603190708	-0.0133487170999016	0.989497108990565
del50_17p11.2 	15.7308158787828	42.8374625613266	0.367221000923254	0.715255340352519	-0.0133648023978401	0.989497108990565
del13_4p16.1  	-5.71668248104137	15.575122112275	-0.367039336181895	0.715389859484484	-0.013367936113357	0.989497108990565
del60_19q13.42	6.83736526642296	19.4280356928818	0.351932916662702	0.726607504443553	-0.0136231611266162	0.989497108990565
del15_5p15.33 	2.71333937029189	8.00974880790335	0.338754614578499	0.736443286841961	-0.0138371502406256	0.989497108990565
del69_22q13.33	6.72690387302062	19.9571630849049	0.337067139472778	0.737706029833145	-0.013863968050732	0.989497108990565
amp25_12p12.1 	2.89289727808349	8.79656946448574	0.328866530272164	0.743852952222661	-0.0139924071824229	0.989497108990565
del3_1p11.2  	-5.75370130928699	19.3748713579033	-0.296967200607501	0.767921390153151	-0.0144622114748132	0.989497108990565
del72_xp11.22 	-4.35147786076043	14.9820858804958	-0.290445395619133	0.77287171997054	-0.0145524157885462	0.989497108990565
del16_5p14.3  	-2.81155209902124	9.68549208899374	-0.290284899640379	0.772993664956483	-0.0145546105859402	0.989497108990565
amp10_5p13.2  	3.35503139937383	11.8715644077577	0.28261072291209	0.778831229519909	-0.0146581506327113	0.989497108990565
del20_6q25.1  	-7.52477578786699	26.7515882199827	-0.28128332889956	0.779842268924742	-0.014675780550613	0.989497108990565
amp7_4q28.1  	3.60892864278784	12.8580784421711	0.280674025984435	0.780306487384476	-0.0146838454793718	0.989497108990565
amp28_13q33.1 	-3.396058721043	12.4614879716658	-0.272524334875959	0.786523343043782	-0.0147900480081944	0.989497108990565
del1_1p36.33 	-5.16841746580488	21.1133708248044	-0.244793572219786	0.807780711794365	-0.0151281301781865	0.997810317195
amp3_2q31.2  	-3.68284903200502	15.7295735590302	-0.234135338646274	0.815991135466485	-0.0152484827510833	0.997810317195
amp31_15q25.3 	-2.20135108004567	9.9016187726051	-0.222322342497791	0.825115571993426	-0.0153756471531847	0.997810317195
del5_2p23.3  	3.21796012735497	15.4822794872078	0.207847954819172	0.836328993872579	-0.0155225272007034	0.997810317195
amp11_5q22.3  	2.56423088068687	14.6738511722705	0.174748322753372	0.862097614316058	-0.0158213933325069	0.997810317195
amp34_16q13   	-4.00659897616372	23.9012119819217	-0.167631623835403	0.867659006368932	-0.0158789177321175	0.997810317195
del26_8p23.1  	2.71480025242748	17.4603257159111	0.155483940941237	0.877167425612676	-0.0159715965997866	0.997810317195
amp29_14q11.2 	0.765045507523882	6.45258924254277	0.118564111051706	0.906172856405779	-0.0162105744040244	0.997810317195
del54_18p11.21	-1.92691987978001	18.5959695539643	-0.103620296548035	0.917952465041244	-0.0162890224028918	0.997810317195
amp36_17q21.2 	-1.33770071201524	12.9691994553044	-0.103144432054217	0.918327890819169	-0.0162913472858774	0.997810317195
del33_10q26.3 	-1.83953482927871	18.9095116138488	-0.0972809275482024	0.9229553306661	-0.0163191165350058	0.997810317195
amp22_10q25.1 	1.41703047200206	15.0618132420325	0.0940810013529844	0.925481841298977	-0.0163335865090948	0.997810317195
del22_7p22.1  	0.840268507043478	9.67582214760565	0.0868420785567466	0.931200183922951	-0.0163645364324174	0.997810317195
amp2_2q24.2  	1.70145804238442	20.9714108101561	0.0811322641946641	0.935713227165014	-0.0163872026738174	0.997810317195
amp15_7q31.2  	-0.614402994100484	8.76822520850181	-0.0700715343744535	0.944461593034494	-0.0164267291074265	0.997810317195
del61_20p11.21	-1.25533398365861	20.9343068340993	-0.0599653952532036	0.952461030370803	-0.0164577906689385	0.997810317195
del6_2p11.2  	1.02953815552515	19.9294613101539	0.0516591060592594	0.959039562114014	-0.0164797066300026	0.997810317195
del24_7q22.1  	0.374430186055863	8.5059832492218	0.0440196241968991	0.965092547692642	-0.0164969844917287	0.997810317195
del7_2q14.3  	0.519633750698753	17.9219392496987	0.028994281447946	0.977003305781998	-0.0165229178712867	0.997810317195
del21_6q27    	0.427297404460536	20.3320190180925	0.0210159848896611	0.983330124476467	-0.0165323500843135	0.997810317195
amp42_21q11.2 	-0.148522255812981	15.1113763680449	-0.0098285061661922	0.992203571851259	-0.0165405076692429	0.997810317195
del19_6p21.33 	0.144052297895231	15.1507233427573	0.00950794854056219	0.992457845094195	-0.0165406542032021	0.997810317195
del2_1p36.21 	-0.0576127839719502	15.2221008125226	-0.00378481161578923	0.996997669294117	-0.0165424526825571	0.997810317195
amp41_20q13.2 	0.0327560782964392	11.8665766606161	0.00276036461342328	0.997810317195	-0.0165426111966311	0.997810317195
