estimate	std_error	t_value	p_values	r_sq	FDR
amp27_12q14.3 	0.372643402353081	0.111315255289538	3.34764001020178	0.00161143958899033	0.148072935698055	0.188538431911868
del39_13q11   	-0.572647439601116	0.260400618883011	-2.19910168438727	0.0328267930249839	0.0433711801321349	0.965146715126433
del46_16q22.1 	-0.464622098068942	0.225936901940669	-2.05642413469471	0.0453174285915557	0.0320331535842534	0.965146715126433
amp40_19q13.33	0.364911091213164	0.201069545132799	1.81485013542033	0.0759314418535217	0.0140340370031008	0.965146715126433
del65_21q22.3 	-0.4642088475468	0.275988239050581	-1.68198778739164	0.0992048338502083	0.00484105404216761	0.965146715126433
del67_22q11.21	0.679816064602769	0.414233452898663	1.64114235546562	0.107443894951833	0.00212283134456925	0.965146715126433
del57_19p13.12	0.552690636892658	0.339802545193354	1.62650528876459	0.110529279700796	0.00116147079033135	0.965146715126433
amp44_21q22.3 	-0.318417919228394	0.205050945009286	-1.55287223481938	0.127162151602464	-0.00357094541954606	0.965146715126433
del8_2q37.3  	-0.422485034821122	0.282848100854178	-1.49368170952979	0.141942407718686	-0.00724689662883482	0.965146715126433
amp26_12q13.11	0.500889867399941	0.340642732722125	1.47042581357089	0.14810986510413	-0.00865921328693031	0.965146715126433
amp23_11q13.1 	-0.15064746256684	0.103406837889683	-1.45684236788629	0.151808802785608	-0.00947567803153793	0.965146715126433
amp5_3q25.1  	0.302837866144177	0.219898501149966	1.37717112468015	0.174983297692296	-0.0141371245173307	0.965146715126433
amp11_5q22.3  	-0.296421563127581	0.215777741894672	-1.37373558794713	0.176040829817268	-0.0143331770358752	0.965146715126433
del37_12p13.31	-0.212420862328568	0.154746141131597	-1.37270539203897	0.176358903040338	-0.0143918855572907	0.965146715126433
amp15_7q31.2  	-0.17588303432244	0.129771461200406	-1.35532907386182	0.181790686151626	-0.0153764975943989	0.965146715126433
del43_16p13.11	-0.326926766842532	0.246107042995302	-1.32839256798016	0.190462881976651	-0.0168817208860419	0.965146715126433
del42_15q11.2 	-0.328452242635756	0.250139575885494	-1.31307587563077	0.195532399289502	-0.0177260979392302	0.965146715126433
del17_5q13.2  	-0.242934783247073	0.190399673735053	-1.27592016562551	0.208253472797568	-0.0197393664556147	0.965146715126433
amp22_10q25.1 	0.280017485400435	0.21964135918275	1.27488505098646	0.208616536137276	-0.0197947387289172	0.965146715126433
amp25_12p12.1 	0.158511869101465	0.126895849751409	1.24914935683076	0.217796060020947	-0.0211588880172942	0.965146715126433
del2_1p36.21 	0.262591246914611	0.217797296553665	1.20566807334043	0.233980376838598	-0.0234084010170452	0.965146715126433
del10_3p21.1  	-0.309019777938063	0.271889307689873	-1.13656465774131	0.261482221127803	-0.0268384895594356	0.965146715126433
del32_10q11.22	0.329359020036076	0.295096897582814	1.1161046515023	0.270051170766973	-0.0278194394541067	0.965146715126433
del36_11q25   	-0.227015382189855	0.204927001260467	-1.1077865815316	0.273591139111013	-0.0282136797129828	0.965146715126433
del20_6q25.1  	-0.408882949748374	0.387190453931809	-1.05602538904636	0.29635475519241	-0.0306071330677811	0.965146715126433
del60_19q13.42	0.262957905802421	0.255956052730823	1.02735568468452	0.309511460489224	-0.0318881130319828	0.965146715126433
amp7_4q28.1  	-0.18975227067216	0.185804865234016	-1.02124489815255	0.312366485963645	-0.0321569923684126	0.965146715126433
del55_18q23   	-0.276252468948659	0.274373853357464	-1.00684691915139	0.31916399448388	-0.0327847172808906	0.965146715126433
amp28_13q33.1 	0.186503264403781	0.185267491516312	1.00667020899001	0.319248038319694	-0.0327923708556748	0.965146715126433
amp19_9p22.3  	-0.13954970932733	0.143230499646399	-0.974301630391882	0.334894861410112	-0.0341734959280733	0.965146715126433
del33_10q26.3 	-0.268084505738009	0.276798770053814	-0.968517691339051	0.33774364245284	-0.0344159164455975	0.965146715126433
del30_9q34.13 	-0.185850537284136	0.198056540191126	-0.938371119200554	0.352851158483826	-0.0356578531397109	0.965146715126433
del26_8p23.1  	-0.221366660513818	0.236316078784806	-0.936739732870227	0.353681107932464	-0.0357240243035681	0.965146715126433
del13_4p16.1  	0.206547501438763	0.22199213083941	0.930427131167909	0.356904560056086	-0.0359790660089749	0.965146715126433
del69_22q13.33	-0.266027548261434	0.288158215777914	-0.923199595552964	0.360618592681374	-0.0362691078872126	0.965146715126433
del16_5p14.3  	-0.118710020456362	0.129545187581619	-0.916359941055858	0.364156273771621	-0.036541648968859	0.965146715126433
del28_8q24.3  	-0.112862120600534	0.123321704821934	-0.915184563524299	0.364766463084104	-0.0365882947717038	0.965146715126433
amp43_21q22.11	-0.165030406689428	0.180940393691031	-0.912070562702709	0.366386260867451	-0.0367116071935985	0.965146715126433
del70_22q13.33	0.280013927188099	0.315519544941787	0.887469355471343	0.379345332632078	-0.0376720259399541	0.965146715126433
del24_7q22.1  	-0.106809154439349	0.127354224431617	-0.838677750314441	0.405895514337619	-0.039504061351997	0.965146715126433
amp12_5q31.3  	-0.0852647984583745	0.104399455080878	-0.816716891791439	0.418210802860195	-0.0402968528585825	0.965146715126433
amp38_19q12   	0.146399866545302	0.17940921118287	0.816010870233846	0.418610461589426	-0.0403220111686677	0.965146715126433
amp41_20q13.2 	0.140195494393767	0.177037742729113	0.791896079517244	0.43239999219891	-0.0411689617376998	0.965146715126433
del14_4q35.2  	-0.30905408457002	0.399514502410004	-0.77357413236742	0.443056291018979	-0.0417963626389981	0.965146715126433
del34_11p15.5 	-0.216177342209659	0.287559487732466	-0.751765639570137	0.455940261111715	-0.0425249576584705	0.965146715126433
del21_6q27    	-0.210917120773735	0.296243554075614	-0.711972017186574	0.48000144862978	-0.0438031801376118	0.965146715126433
amp36_17q21.2 	0.129023780925316	0.188773519909559	0.683484532084429	0.497656560783998	-0.0446773500972397	0.965146715126433
del4_1q42.13 	-0.138465409548978	0.20545116588506	-0.673957769733183	0.503639466221824	-0.0449620413074114	0.965146715126433
amp9_5p15.33 	0.0812423441589294	0.121139697685764	0.670650048753394	0.505725880892351	-0.0450599882512541	0.965146715126433
amp30_14q13.3 	-0.0733508110757599	0.110272659383451	-0.665176767168524	0.509188557602878	-0.0452210424191977	0.965146715126433
amp13_6p22.2  	-0.0943461216684943	0.143547368308432	-0.657247309931716	0.514227787476864	-0.0454521164573312	0.965146715126433
del63_20q13.33	-0.141306308450075	0.217017680109204	-0.651128094167118	0.518134820850487	-0.0456286122663041	0.965146715126433
del15_5p15.33 	-0.0736573666869347	0.115046270040918	-0.640241240856718	0.525124901946968	-0.0459386832870783	0.965146715126433
del27_8q21.2  	0.0911899750434776	0.142692860737633	0.639064733666999	0.52588326987755	-0.0459718895426675	0.965146715126433
del51_17q11.2 	-0.16503564018525	0.259304728291151	-0.636454418987476	0.527567920895509	-0.0460453536205943	0.965146715126433
del7_2q14.3  	-0.159106399098066	0.253218632504212	-0.6283360648645	0.532825461202157	-0.0462719778516789	0.965146715126433
amp20_9q33.2  	0.178080366170296	0.287903177678904	0.618542551721702	0.539204074822117	-0.0465416204108455	0.965146715126433
del68_22q13.2 	0.176355334771654	0.294179996598305	0.599481055173382	0.551731258458882	-0.0470546745780029	0.965146715126433
amp24_11q14.2 	-0.0900300150788041	0.152610735233244	-0.58993238543282	0.558061667832876	-0.0473058304001213	0.965146715126433
amp1_1q21.1  	-0.0935102014737687	0.159623206524539	-0.585818337507169	0.560800323746508	-0.0474128345615608	0.965146715126433
amp33_16p13.13	0.13380401352445	0.229591045989396	0.582792821679246	0.562818638432769	-0.0474910625801226	0.965146715126433
amp21_10q21.2 	0.144443438979043	0.248324168898484	0.581672898050018	0.56356665344014	-0.047519919660338	0.965146715126433
amp18_8q24.13 	-0.0555604620823326	0.0963293578556586	-0.576776003900964	0.566843165085144	-0.0476454645040676	0.965146715126433
amp17_8p23.1  	0.0538357926427395	0.0969405621716503	0.555348467521921	0.581290169954955	-0.048182672399139	0.965146715126433
del31_9q34.13 	0.128102774955521	0.240960694863161	0.531633489139252	0.597483813657958	-0.0487541252197745	0.965146715126433
del62_20q13.33	-0.109058973698311	0.207800740519862	-0.524824759649434	0.602171944484448	-0.0489136971548236	0.965146715126433
del1_1p36.33 	-0.163115710680411	0.311195361407525	-0.524158554107761	0.602631576117803	-0.0489292027131276	0.965146715126433
del11_3q21.3  	0.119396304936326	0.23353543178918	0.511255632696067	0.611565589827322	-0.0492257144712727	0.965146715126433
amp37_17q23.3 	0.10226638534441	0.201924068113929	0.506459612762503	0.614901734332575	-0.0493340858554159	0.965146715126433
del50_17p11.2 	-0.27719000980669	0.558894264324231	-0.495961450135556	0.622233012426968	-0.0495678147574123	0.965146715126433
del18_6p22.1  	-0.0762836949385483	0.158628656339642	-0.480894793530976	0.632822439506231	-0.0498948755776123	0.965146715126433
amp2_2q24.2  	0.145175991321108	0.301981248865691	0.480745052437597	0.632928079149509	-0.0498980764699031	0.965146715126433
amp14_6q21    	-0.0818363122819572	0.170351317279256	-0.480397296533983	0.633173444487444	-0.049905506391525	0.965146715126433
del12_3q29    	-0.0780579899364788	0.164689593549085	-0.473970384250258	0.6377155421689	-0.0500418703440957	0.965146715126433
del56_19p13.2 	-0.134864509869659	0.28876757039461	-0.467034818644498	0.642632917669664	-0.0501870052314637	0.965146715126433
amp4_3q21.3  	-0.083793627488487	0.181041104935449	-0.462843106919637	0.645612752254185	-0.0502737036412719	0.965146715126433
amp34_16q13   	0.126578233613356	0.292232559448104	0.433142131227286	0.666892903733488	-0.05086600954577	0.965146715126433
amp3_2q31.2  	-0.0704585435214497	0.173167864802932	-0.406880015536559	0.685943165601495	-0.051357531449082	0.965146715126433
del58_19p12   	-0.0642574898163017	0.166935240202408	-0.384924655443571	0.702029667938575	-0.0517451854234783	0.965146715126433
del40_14q11.2 	-0.123681730817554	0.323616783540241	-0.382185773755379	0.704046311044219	-0.0517920555615303	0.965146715126433
amp32_15q26.3 	-0.0721580240921764	0.193054128016602	-0.373770946177184	0.710255558185531	-0.0519339891496289	0.965146715126433
del38_12q24.33	0.0860613857933963	0.232779268378591	0.369712416371317	0.713257464627	-0.0520013285778869	0.965146715126433
amp29_14q11.2 	-0.0348893084200877	0.09584394923603	-0.364022024323806	0.717474104124989	-0.0520945201836054	0.965146715126433
del23_7p11.2  	-0.0937043127048404	0.258431854307104	-0.362588090992407	0.718538072959131	-0.0521177782802882	0.965146715126433
amp42_21q11.2 	-0.0741829618053062	0.204651552749795	-0.36248423629603	0.718615154349734	-0.0521194592563832	0.965146715126433
del35_11q14.3 	-0.0419829987892956	0.118552186009955	-0.354130954496024	0.724824610103347	-0.0522531043642493	0.965146715126433
del48_16q24.3 	0.104208718423172	0.306876761931154	0.33957839546857	0.735686859844576	-0.0524785672431676	0.965146715126433
del6_2p11.2  	-0.0935792456082384	0.278867144159584	-0.335569275793519	0.738689046981515	-0.0525390350087338	0.965146715126433
del45_16q11.2 	0.105143890719868	0.316452278728698	0.332258282804184	0.741171555872778	-0.0525884369549261	0.965146715126433
del49_17p11.2 	-0.0754936243353742	0.232823816123549	-0.324252155953466	0.747185829202702	-0.0527058873288357	0.965146715126433
del54_18p11.21	-0.086217289157846	0.270553051015499	-0.318670548471867	0.751388227670842	-0.0527860901969601	0.965146715126433
del3_1p11.2  	0.0821745000683046	0.283359678603074	0.290000682078037	0.773091350946902	-0.053176278553047	0.965146715126433
del61_20p11.21	0.0772740192659524	0.306552059239265	0.252074702932071	0.802082395262417	-0.0536363369391597	0.965146715126433
del25_7q35    	0.043039883545349	0.175801465296638	0.244820960239016	0.807660818896008	-0.0537170356780639	0.965146715126433
del72_xp11.22 	-0.0532146974910221	0.221336415654971	-0.240424501921887	0.811046814887813	-0.0537648058482101	0.965146715126433
amp39_19q13.12	-0.0328466053913732	0.137521374760639	-0.238847273367822	0.812262433799494	-0.0537817334523718	0.965146715126433
del73_xq28    	0.0497164004663809	0.208857249505884	0.238040099560825	0.812884728576465	-0.0537903535547319	0.965146715126433
del44_16p11.2 	0.102035933925425	0.430248550605483	0.237155787699532	0.813566633335481	-0.0537997641066175	0.965146715126433
amp31_15q25.3 	-0.034394737384549	0.14933789677316	-0.230314863994593	0.818846652351618	-0.0538713849550423	0.965146715126433
del9_2q37.3  	0.0580732550538265	0.285414656774839	0.203469771700057	0.839646262482337	-0.0541322683525898	0.965146715126433
del5_2p23.3  	-0.0443574693850569	0.230579410835037	-0.192373938438031	0.848278118996308	-0.054230700983265	0.965146715126433
amp35_16q24.1 	0.0404111874746416	0.210112618162931	0.192331083339816	0.848311494713071	-0.0542310704935027	0.965146715126433
del53_18p11.21	-0.0401900738831583	0.219169640144648	-0.183374275089532	0.8552931608764	-0.0543064976985177	0.965146715126433
del22_7p22.1  	-0.0243513101782249	0.145802234432815	-0.167016028752604	0.868073946815851	-0.0544349968242126	0.965146715126433
amp16_7q36.1  	0.0308965407874217	0.193032365855143	0.160058861893696	0.873520632817902	-0.0544860196980901	0.965146715126433
del66_21q22.3 	0.0661164871326407	0.41601488598926	0.158928176272874	0.874406425670102	-0.0544941073889589	0.965146715126433
del41_15q11.1 	0.0298595412075394	0.230038304265048	0.129802474865818	0.897276644596392	-0.0546827153079437	0.972158037257288
amp6_3q29    	-0.0102297542744646	0.0792700006402694	-0.129049504123101	0.89786915238965	-0.0546870875047556	0.972158037257288
del47_16q23.1 	0.0205330882263271	0.189756041197672	0.108207823565087	0.914291474895958	-0.054798022855294	0.972158037257288
del59_19q13.2 	0.0171100927968925	0.180675240105706	0.0947008167078236	0.924955067574834	-0.054859519050783	0.972158037257288
amp10_5p13.2  	0.0124435264062326	0.133585998181159	0.0931499301997036	0.926180399896681	-0.0548660565182777	0.972158037257288
del19_6p21.33 	-0.0192156868249026	0.222864347754395	-0.0862214482420446	0.931656655759382	-0.0548939448160952	0.972158037257288
del52_17q25.1 	-0.0165039937103301	0.220495238900961	-0.0748496602130405	0.940652009835495	-0.0549350508502973	0.972158037257288
del29_9p21.3  	0.0152585859873993	0.244438652908842	0.0624229670955093	0.950490721007274	-0.0549733360907494	0.972158037257288
del64_21p11.2 	0.0137848210308832	0.252629541711474	0.0545653565988209	0.956716027734502	-0.0549939684613139	0.972158037257288
amp8_4q31.21 	-0.0125318179008269	0.275023869966701	-0.0455662917634903	0.963848994203807	-0.0550141940737034	0.972158037257288
del71_xp11.23 	0.00356732356222096	0.224690570985592	0.0158766055316567	0.987400039602533	-0.0550551423297054	0.987400039602533
