estimate	std_error	t_value	p_values	r_sq	FDR
amp32_15q26.3 	0.910972583688929	0.287479990257274	3.16882083818659	0.00275109574847361	0.169248382529843	0.321878202571413
del73_xq28    	-0.910782581252287	0.317256351433535	-2.87080960597599	0.0062197534966754	0.141164087812198	0.363855579555511
del48_16q24.3 	1.27883998703087	0.472857162180929	2.70449533032885	0.00962299652572901	0.125941518031719	0.375296864503432
amp9_5p15.33 	-0.45729267686877	0.199170650350083	-2.29598425302616	0.0263884362346825	0.0904247232274177	0.771861759864463
del27_8q21.2  	-0.492281426024394	0.234285382963914	-2.1012041801183	0.0412551379888244	0.0746595433653142	0.841426219567711
amp19_9p22.3  	-0.839504700589239	0.423647545560947	-1.98161115150015	0.0536516044981265	0.065424892251387	0.841426219567711
amp42_21q11.2 	-0.62463765285513	0.325253143025824	-1.92046615459004	0.0611497568072336	0.0608450831692546	0.841426219567711
del69_22q13.33	0.874137550758303	0.483035291884728	1.80967636411732	0.0770279333119144	0.0528053661402036	0.841426219567711
del71_xp11.23 	-0.671210736483798	0.370901602813377	-1.80967332411751	0.0770284127056046	0.0528051502555408	0.841426219567711
amp27_12q14.3 	-0.352828344995064	0.198125164383726	-1.78083559497627	0.0816904273787943	0.0507691991239552	0.841426219567711
del39_13q11   	0.768225096125497	0.439695156061136	1.74717661892705	0.08742878580313	0.0484234277916139	0.841426219567711
amp22_10q25.1 	-0.632933602760471	0.366188699764411	-1.72843564852676	0.0907670162999866	0.0471317948739607	0.841426219567711
del9_2q37.3  	0.794517662896697	0.46366525544922	1.71355876585347	0.0934918021741901	0.0461139289541193	0.841426219567711
del64_21p11.2 	0.659523035926508	0.404741917365236	1.62949031871923	0.110190554056919	0.0404884223798984	0.902776120989988
del68_22q13.2 	0.757984696269702	0.477970218201069	1.58584084824892	0.119778432634251	0.0376542571222095	0.902776120989988
del15_5p15.33 	-0.314629255309482	0.201035391514851	-1.56504410959023	0.124578539686093	0.0363252462810821	0.902776120989988
del2_1p36.21 	-0.472900245516189	0.356900341260775	-1.32502043524429	0.191853376707329	0.0220278243564588	0.902776120989988
amp17_8p23.1  	0.213559634861846	0.162566163343805	1.31367826163306	0.195612852046514	0.0214014177842362	0.902776120989988
del20_6q25.1  	0.845184472955386	0.653149337165579	1.29401413254611	0.2022625781221	0.0203262995195531	0.902776120989988
amp36_17q21.2 	-0.407065367567023	0.324067632189239	-1.25611238869212	0.215557626134275	0.0182933657644901	0.902776120989988
amp16_7q36.1  	-0.372093955560051	0.31352953954541	-1.18679074418172	0.241537882330416	0.0147110855265528	0.902776120989988
del66_21q22.3 	-0.81358845314464	0.689197128450362	-1.18048729392412	0.244008837513457	0.0143941772456273	0.902776120989988
del47_16q23.1 	0.364422405339366	0.315648911185926	1.15451817644545	0.254382182326721	0.0131042691880784	0.902776120989988
amp11_5q22.3  	0.426398486809493	0.369657761864753	1.15349528888155	0.254797171739292	0.0130539805309982	0.902776120989988
amp1_1q21.1  	0.300635698775411	0.269939319576194	1.11371585009331	0.271314659363707	0.0111290157704796	0.902776120989988
amp44_21q22.3 	0.378334879271374	0.343687538354353	1.10081058243461	0.276832778121621	0.0105174618080122	0.902776120989988
del37_12p13.31	0.291071241537182	0.268273513321556	1.08497942243109	0.283709323909722	0.00977597761400495	0.902776120989988
del17_5q13.2  	0.331833671300389	0.31652623005654	1.04836073535237	0.300070611876505	0.00809793006205928	0.902776120989988
del23_7p11.2  	-0.494852983130121	0.477276340746887	-1.03682697188746	0.305356064330424	0.00758018072268829	0.902776120989988
del67_22q11.21	-0.721450387013773	0.699744679714632	-1.03101946742631	0.308041430360629	0.00732144819272695	0.902776120989988
del62_20q13.33	0.348649089196296	0.341434676237743	1.02112970199175	0.312651487022852	0.00688388305084953	0.902776120989988
amp31_15q25.3 	0.248162368724757	0.243684159804403	1.01837710306631	0.313942909614427	0.00676277856159058	0.902776120989988
del11_3q21.3  	-0.387359650320866	0.389995745116617	-0.993240708831418	0.325903676610387	0.00567065739347672	0.902776120989988
del29_9p21.3  	-0.400323696022308	0.405563221530647	-0.987080866236922	0.328880875378342	0.00540682981384399	0.902776120989988
amp38_19q12   	0.28937336889547	0.294250618745826	0.983424844198646	0.330656509213298	0.00525095188056479	0.902776120989988
del10_3p21.1  	-0.439663490630263	0.453159064336832	-0.970218903761048	0.337123600007315	0.00469232127666408	0.902776120989988
del72_xp11.22 	-0.364943019185284	0.378330621651548	-0.964614012982025	0.339893616539231	0.00445732174862068	0.902776120989988
del44_16p11.2 	-0.674648124112138	0.707776649679644	-0.953193531345656	0.345584320172009	0.00398236344451774	0.902776120989988
del59_19q13.2 	-0.289294101792711	0.317552002575768	-0.9110133126107	0.367142786561367	0.00227344783906414	0.902776120989988
del46_16q22.1 	0.351326582008032	0.388421810925192	0.904497564570842	0.370548720700548	0.00201585283167527	0.902776120989988
del7_2q14.3  	-0.375142429293384	0.416652747522573	-0.900371908079305	0.372715750040883	0.0018536360175988	0.902776120989988
del38_12q24.33	-0.341999333124112	0.382068277832557	-0.895126219492093	0.375482777325185	0.0016483760052487	0.902776120989988
del3_1p11.2  	0.412636240452651	0.462800527442272	0.891607109294233	0.377346390120525	0.00151130095328433	0.902776120989988
del34_11p15.5 	0.429513598640232	0.4855578669843	0.884577571171593	0.381086626131657	0.00123899397313176	0.902776120989988
del58_19p12   	0.237863625102583	0.272824053568866	0.871857235427159	0.387914352560239	0.000751347721977047	0.902776120989988
amp35_16q24.1 	0.287442756845925	0.344162801373446	0.835194145616061	0.408020891462459	-0.000617188565527726	0.902776120989988
del70_22q13.33	0.454814451447548	0.546563578671228	0.832134575364983	0.409727354363969	-0.000728901946012606	0.902776120989988
del32_10q11.22	-0.411699078189068	0.495523620696777	-0.830836434416912	0.41045271074382	-0.000776184297124782	0.902776120989988
amp41_20q13.2 	-0.240391101313993	0.293017665178189	-0.820397982380371	0.416313974171078	-0.00115386235353432	0.902776120989988
amp23_11q13.1 	0.141582144890336	0.176299192547494	0.803078805095461	0.426150720712768	-0.00177057317641016	0.902776120989988
del14_4q35.2  	0.522138096444094	0.663582349312104	0.786847475652966	0.435495662042312	-0.00233727206679801	0.902776120989988
amp5_3q25.1  	-0.292599589960874	0.373976015596669	-0.782402019803434	0.438076231858784	-0.00249057187353263	0.902776120989988
del45_16q11.2 	-0.427124074611218	0.548190453693891	-0.779152704563009	0.439968183964524	-0.00260210325865873	0.902776120989988
del5_2p23.3  	-0.290948111922571	0.376916642182201	-0.771916332051815	0.444199018711599	-0.00284890901950985	0.902776120989988
del60_19q13.42	-0.330544463261236	0.437074922333302	-0.756264993417241	0.453431435835175	-0.00337524662065758	0.902776120989988
amp21_10q21.2 	-0.315366016290791	0.417060036039547	-0.756164554354201	0.45349104217525	-0.00337859122809103	0.902776120989988
amp8_4q31.21 	0.346579284052234	0.461114323822354	0.751612487721711	0.456197294402634	-0.00352973141065616	0.902776120989988
del22_7p22.1  	-0.182124419868255	0.248176557256805	-0.733850214868598	0.466846492044874	-0.00411118019512813	0.902776120989988
del25_7q35    	-0.210701318194306	0.291767736002872	-0.722154276140497	0.473935837612639	-0.00448681253245131	0.902776120989988
del35_11q14.3 	0.143833157033603	0.199980530822739	0.719235799814407	0.475714325761672	-0.00457964618708728	0.902776120989988
del18_6p22.1  	0.187071126825441	0.263144838231293	0.710905553317423	0.480811439584028	-0.00484264778223409	0.902776120989988
amp14_6q21    	-0.193420497311824	0.281675048307362	-0.686679556723692	0.495808153311071	-0.00559084901604168	0.902776120989988
amp10_5p13.2  	-0.168611076852794	0.24816834089237	-0.679422186756367	0.500350457448949	-0.00581014908402211	0.902776120989988
amp4_3q21.3  	-0.208604292557214	0.307308798981216	-0.678810021869776	0.500734645134443	-0.00582854500526442	0.902776120989988
amp25_12p12.1 	-0.143113662220763	0.214415996397503	-0.667457953815379	0.507888272825927	-0.00616679638018458	0.902776120989988
del42_15q11.2 	0.28803002642905	0.439789220980865	0.654927434980453	0.515848441347388	-0.00653379511726326	0.902776120989988
del30_9q34.13 	0.215043741176717	0.333672125554852	0.644476192966756	0.522538556287	-0.00683477514610398	0.902776120989988
amp39_19q13.12	0.146793441178343	0.228960578791071	0.641129761085611	0.524690395105292	-0.00693016156685689	0.902776120989988
del52_17q25.1 	-0.215442758475798	0.366246121237771	-0.588245843389914	0.559308242865018	-0.00837383265785929	0.93335751185606
del28_8q24.3  	-0.165488067359085	0.283345662915538	-0.584050116229996	0.5621031098977	-0.00848322171601867	0.93335751185606
del13_4p16.1  	0.21360191663793	0.369793352662943	0.577625084658085	0.566396438818634	-0.00864925989711174	0.93335751185606
amp34_16q13   	-0.273326543547365	0.4856673391894	-0.562785514882593	0.576374237681498	-0.00902593263521401	0.936608136232433
del57_19p13.12	-0.302089524003997	0.572970523082464	-0.527233970743935	0.600620952910742	-0.00988952353357719	0.962074511166922
amp40_19q13.33	-0.190826512858014	0.373360954815258	-0.511104630510805	0.611776461016487	-0.0102632063584274	0.962074511166922
amp3_2q31.2  	0.155639828433295	0.308804176225461	0.504008172219992	0.616714430235206	-0.0104240238526818	0.962074511166922
del65_21q22.3 	-0.220043774439298	0.488048583932862	-0.450864487027317	0.654252317071143	-0.0115583314777401	0.99405111563883
amp30_14q13.3 	0.077402780854521	0.182167345843231	0.424899317142886	0.672934947954052	-0.012067448572356	0.99405111563883
del63_20q13.33	0.146938350646384	0.357843558702753	0.410621756554908	0.683298624579094	-0.0123347394571609	0.99405111563883
del19_6p21.33 	-0.147756066269245	0.376392214474419	-0.39255877403194	0.696498729779011	-0.0126599986359466	0.99405111563883
amp20_9q33.2  	0.185732365207294	0.501553946820389	0.370313834403552	0.712886033546408	-0.0130407249936946	0.99405111563883
del56_19p13.2 	-0.176260767374758	0.502126864241347	-0.351028355435766	0.727205230582636	-0.0133530441162162	0.99405111563883
amp37_17q23.3 	-0.112267687172858	0.336850204296984	-0.333286682747199	0.740465855653568	-0.0136257711558987	0.99405111563883
del61_20p11.21	0.165435191263847	0.504230169896745	0.328094590805076	0.744361907954905	-0.0137029364024672	0.99405111563883
del49_17p11.2 	0.122503675945495	0.383032660427321	0.31982566658631	0.750580705983935	-0.0138233519865565	0.99405111563883
del55_18q23   	-0.149804798150366	0.480159847720217	-0.311989431981109	0.756489598843422	-0.0139346554859117	0.99405111563883
amp33_16p13.13	0.125525332540146	0.402799604449364	0.311632214018039	0.756759312267403	-0.0139396640782166	0.99405111563883
del8_2q37.3  	0.147566927075281	0.485504992056268	0.303945231232923	0.76257065114876	-0.014046065525567	0.99405111563883
del50_17p11.2 	-0.261489960259372	0.926684837459636	-0.28217787719092	0.779100893864514	-0.0143330589068917	0.99405111563883
amp28_13q33.1 	0.108053736421263	0.395751505487617	0.273034302897033	0.786075992679978	-0.0144473004827921	0.99405111563883
amp18_8q24.13 	-0.047489886396246	0.17798291982102	-0.266822717842825	0.790824631371107	-0.0145227769586607	0.99405111563883
amp29_14q11.2 	-0.0413438759937216	0.161191365424716	-0.256489396220365	0.798741985359842	-0.0146445119920195	0.99405111563883
amp12_5q31.3  	0.0418108458532312	0.179765674441371	0.232585258465833	0.817138090644726	-0.0149077980556163	0.99405111563883
amp26_12q13.11	-0.13309889897601	0.581737820718667	-0.228795333972927	0.820064613039394	-0.014947189240627	0.99405111563883
del6_2p11.2  	-0.0989271263663711	0.466040438977846	-0.212271550046913	0.832853784868071	-0.0151114032640203	0.99405111563883
del41_15q11.1 	-0.0747638740362152	0.378795320311331	-0.197372749945187	0.844424681131765	-0.0152489605507276	0.99405111563883
del21_6q27    	-0.0961461581117094	0.492171700823736	-0.195350845956384	0.845997695969543	-0.0152668599897399	0.99405111563883
del16_5p14.3  	-0.0443377213080261	0.232624753516573	-0.190597606822901	0.84969814255689	-0.0153082157691786	0.99405111563883
amp6_3q29    	-0.0238950465440987	0.132500803528501	-0.180338880276743	0.857696236243013	-0.0153940112945086	0.99405111563883
del1_1p36.33 	-0.09238080187791	0.548687609174597	-0.168366845420257	0.867049161599392	-0.0154881516081156	0.99405111563883
amp15_7q31.2  	-0.0367910729315976	0.221497543889521	-0.166101493883599	0.868821134123531	-0.0155052394327961	0.99405111563883
del4_1q42.13 	-0.055100637368379	0.348974364362227	-0.157893080395974	0.875247448506531	-0.015565222142738	0.99405111563883
amp7_4q28.1  	0.0538621663666011	0.341768992796491	0.157598165725566	0.875478496348184	-0.0155673207895672	0.99405111563883
amp2_2q24.2  	0.0789188431764426	0.51155357456025	0.154272879911521	0.878084411595928	-0.0155907129646475	0.99405111563883
amp24_11q14.2 	0.0307766459325143	0.261252762104125	0.117804097781167	0.906747143416099	-0.015814577525856	0.99405111563883
del26_8p23.1  	0.0453432346352254	0.393514251023587	0.115226410523332	0.908778305647742	-0.0158281330656374	0.99405111563883
del40_14q11.2 	-0.0554954201691053	0.539952815271389	-0.102778277285604	0.918595601709986	-0.0158893788002361	0.99405111563883
amp13_6p22.2  	0.024199774545758	0.239163036149339	0.101185262302185	0.919852901997632	-0.0158967122362461	0.99405111563883
del51_17q11.2 	-0.0433445563445185	0.42919295150926	-0.100990839183395	0.920006366304238	-0.0158975994256449	0.99405111563883
del12_3q29    	0.0259639074479035	0.278293210820619	0.0932969488236607	0.926081808586603	-0.01593133941336	0.99405111563883
del53_18p11.21	0.0270937493139613	0.369628188678758	0.0733000083430009	0.941892237668569	-0.0160065416248378	0.995082315097756
del36_11q25   	-0.0234345257811038	0.344781703874561	-0.0679691686587576	0.946111292767374	-0.0160235429371016	0.995082315097756
amp43_21q22.11	-0.0155986645570639	0.313634546333079	-0.0497351606812414	0.960553538702999	-0.0160719983125877	0.995082315097756
del54_18p11.21	0.0223007962531597	0.454255803921144	0.0490930353793145	0.961062406889285	-0.0160734311250845	0.995082315097756
del33_10q26.3 	-0.0170022121925239	0.471019962607232	-0.03609658516045	0.971364996988379	-0.0160984294804927	0.995892879429728
del24_7q22.1  	0.00580746846316278	0.218043560892619	0.0266344414821899	0.978869069524947	-0.0161118320588052	0.995892879429728
del43_16p13.11	0.0049421766387715	0.436071690321401	0.0113334039986153	0.991007542803305	-0.0161249499670117	0.996929995563049
del31_9q34.13 	0.00155659856636929	0.402312964738219	0.00386912355007538	0.996929995563049	-0.0161275123155558	0.996929995563049
