chr1p	chr1q	chr2p	chr2q	chr3p	chr3q	chr4p	chr4q	chr5p	chr5q	chr6p	chr6q	chr7p	chr7q	chr8p	chr8q	chr9p	chr9q	chr10p	chr10q	chr11p	chr11q	chr12p	chr12q	chr13q	chr14q	chr15q	chr16p	chr16q	chr17p	chr17q	chr18p	chr18q	chr19p	chr19q	chr20p	chr20q	chr21p	chr21q	chr22p	chr22q	chrXp	chrXq
X1032	0	0	0	0	0.286	0.286	-0.257	-0.257	0.782	0.308	-0.265	-0.265	0	0	0.282	0.282	0.627	0	0	0	0	0	0	0	0	0	0	0	0	0	0	-0.276	-0.276	0.407	0	0	0	0	0	0	0	-0.261	-0.261
X103	0	0	0	0	0	0	-0.771	-0.771	-0.705	-0.705	0	0	-0.019	0.75	-0.747	-0.747	0	0	-0.742	0	-0.777	0	0	0	-0.743	0	0	-0.726	0	-0.78	-0.78	-0.772	-0.74	0	0	0	0	-0.763	-0.763	-0.788	-0.788	0	0.703
X1040	0	0.48	0	0	0	0	0	0	0	0	0	0	0	0	0	0	-0.264	-0.264	0	0	0	0	0	0	0	0	0	0	0	0	0	0	0	0	0	0	0	0	0	0	0	0	0
X106	0	0	0	0	0	0	0	0	0	0	0	0	0	0	0	0	0	0	0	0	0	0.289	0	0	0	0	0	0	0	0	0	0	0	0	0	0.28	0.28	0	0	0	0	0	0
X1097	0	0	0	0	-0.849	1.185	0	0	-0.355	-0.851	0.404	0	-0.86	1.257	0	0	0	0	0	0	0	0	0	0.297	0.587	0	-0.808	0	0	0	0	0	0	1.059	0	-0.738	0	-0.819	-0.819	0	0	-0.858	-0.858
X1098	0	0	0	0	0.557	0.557	0	0	-0.324	-0.324	0.267	0	0.512	0.512	1.102	0.65	-0.656	-0.656	0.005	-0.32	-0.613	-0.613	1.488	0.481	-0.993	-0.342	0	-0.626	-0.626	0.359	0	0	-0.626	0.627	-0.533	0.862	0.862	0	0	-0.272	-0.272	-1.293	-1.293
X1172	0	0	0	0.461	-0.809	0	-0.89	-0.89	-0.899	-0.899	0	0	-0.895	0.79	-0.187	0.661	0	-0.766	0.744	0	0	0	-0.869	-0.869	-0.865	0	0	-0.854	-0.854	-0.844	-0.844	0	0	0	0	-0.823	0	0	0	-0.847	-0.847	0	0
X1177	0	0.829	0.418	0.418	0.304	0.304	-0.427	-0.427	-0.436	0	-0.008	-0.427	-0.454	0.437	0.022	0.43	-0.413	-0.413	0.449	0	-0.288	0	1.682	-0.398	-0.419	-0.4	-0.423	0.463	-0.4	-0.389	0.917	0	0	0.459	0.459	0.859	0.859	-0.33	0	-0.4	-0.4	-0.859	-0.859
X1192	0	1.044	0	1.005	0	0.536	0	0	0	0	1.659	-0.55	0.512	0.512	-0.066	0.971	-0.533	-0.533	0.766	-0.407	-0.304	0	-0.469	-0.469	0.533	-0.444	0	-0.409	-0.409	-0.423	-0.423	0	0	0.26	-0.409	0.616	0.616	0	0	-0.41	-0.41	-1.058	-1.058
X1196	0	0.873	0	0	0	0	-0.916	-0.916	0	0	-0.895	-0.895	0	0	0	0	-0.876	-0.876	-0.904	0	0	0	0	0	-0.899	-0.889	-0.897	-0.883	-0.883	-0.882	-0.882	0	0	0	-0.87	0	0.974	-0.501	0	-0.888	-0.888	-0.889	-0.889
X119	0	0.923	0	0	0.329	0.329	0	0	-1.258	0	0.64	0.64	0.391	0.391	-0.7	2.01	2.755	-0.634	0.33	0	0.434	0.434	0.986	0.986	0.281	-0.607	0	0	0	0	0	0	0	1.135	0	0.864	1.201	0	-0.4	-0.715	-0.4	-0.735	-0.735
X120	0	0	0	0.87	-0.634	0.376	-0.573	-0.573	0	0	-0.586	-0.586	-0.341	0	-0.621	0	-0.642	-0.642	0	0	0	0	0	0	-0.65	-0.574	-0.554	-0.598	-0.598	-0.603	0	0	0	0.305	0.305	0	-0.313	-0.535	-0.535	0	0	-0.574	-0.574
X1230	0	0	0	0	0.155	0.542	-0.879	-0.879	1.174	1.174	-0.378	0	0	0	2.732	3.657	1.105	-0.373	0	0	-0.535	0.673	-0.395	-0.395	0.581	-0.443	-0.433	0	-0.396	-0.361	0	-0.434	-0.434	0	0	-0.451	1.591	-0.363	0	-0.378	-0.378	-0.893	-0.893
X1237	-0.555	0	0.918	0	-0.559	0	-0.566	-0.566	-0.6	-0.6	0	0	0	0	-0.582	-0.582	-0.58	-0.58	-0.578	0	-0.578	-0.578	0	0	0	1.244	0	0	-0.583	-1.198	-0.537	0	-0.549	1.224	-0.528	0.684	0.684	-0.535	-0.535	-0.593	-0.593	-0.587	-0.587
X1265	0	0.835	0	0	0	0	-0.87	-0.87	0	0	-0.881	-0.881	0	0	0	0	-0.827	-0.827	-0.862	0	0	0	0	0	-0.846	-0.856	-0.85	-0.82	-0.82	-0.838	-0.838	0	0	0	-0.778	0.971	0.971	-0.491	0	-0.814	-0.814	-0.864	-0.864
X1269	0.253	0	0	0	0.977	0.977	-0.579	-0.579	-0.491	-0.491	0.546	0.814	0.463	0.463	0.432	0.432	0	0	0.68	-0.907	0	0	0.335	0.335	-0.448	0	-0.606	0	0	0	0	0	0	-0.448	-0.448	0.511	1.753	-0.511	0	-0.581	-0.934	-0.653	-0.653
X1283	0	0	0	0	0.62	0.62	0	0	0	0	-0.27	-0.27	0	0	-0.648	0	0	0	-0.26	-0.26	0	0	-0.613	-0.613	-0.299	0	-0.641	-0.607	-0.607	-0.623	-0.623	-0.619	-0.619	0.637	0.637	-0.453	0	0	0	-0.586	-0.586	0	0
X128	0	0	0	0	0.605	0.605	-0.26	-0.26	0	0	0.82	0	0.302	0.302	-0.678	0.817	0	0	0	0	0.341	0.341	0	0	0	0	0	0	-0.397	-0.428	0	0	0	0	0	0.396	0.396	-0.32	-0.32	0	0	-0.678	-0.678
X1326	0	0	0	0	0	0	0	0	0	0	0	0	0	0	0	0	0	0	0	0	0	0	0	0	-0.784	-0.793	0.71	0	-0.784	-0.773	0	0	0	0	-0.772	0	0	-0.466	0	-0.786	-0.786	0	0
X1341	0	0	0	0	0	0.893	0	0	0	0	0	0	0	0	-0.817	0	0	0	0	0	0	0	0	0	0	0	-0.76	0	1.165	-0.505	0	0	0	0.278	-0.453	0	0	0	0	0	0	0	0
X1364	0.264	0	-0.343	-0.343	0	0	-0.498	-0.498	-0.39	0	-0.477	-0.477	0	0	0.452	0.739	-0.464	-0.464	0	0	0	0	0	0	-0.485	0.57	0	0.272	-0.419	-0.413	0.295	-0.486	-0.486	-0.317	0.325	0	0	-0.439	-0.439	-0.421	-0.421	-0.453	-0.453
X137	0.474	1.279	0	0	0.349	0.349	-0.492	-0.492	-0.501	-0.501	-0.452	-0.452	-0.511	0.36	0.271	0.271	0.9	0	-0.449	-0.449	-0.489	-0.093	-0.482	-0.482	0.257	0.888	-0.521	0.341	0	-0.441	0	0	0	0.329	0.329	0.362	0.362	-0.471	-0.471	-0.527	-0.527	-0.882	-0.882
X1410	0	0	0.674	0.674	-0.604	-0.604	-0.618	-0.618	-0.003	-0.602	0	0	-0.604	-0.604	-0.618	-0.618	-0.593	-0.593	0	0	0.68	0.68	0	-0.596	0	0	-0.609	-0.577	-0.577	-0.617	0	-0.647	-0.647	0	0	-0.632	0	-0.607	-0.607	-0.626	-0.626	-0.601	-0.601
X1419	0	0.593	0	0	0	0	-0.805	-0.805	0	0	-0.805	-0.805	0	0	0	0	0	0	0	0	-0.797	-0.797	0.693	0	-0.794	-0.79	-0.797	-0.785	-0.785	-0.783	-0.783	0.708	0	0	0	-0.783	0	-0.334	0	-0.778	-0.778	-0.806	-0.806
X1471	0	0	0	0	-0.31	0	-0.837	-0.837	0.269	0	0	-0.838	0	0	-0.857	0	0	0	-0.849	-0.849	-0.839	-0.839	0.419	0.419	-0.817	-0.812	0	-0.837	-0.837	-0.826	0.585	0	0	0	-0.827	0	0	-0.402	-0.402	0.428	-0.862	-1.275	-0.398
X1499	0	0	0	0	0	0	0	0	-0.585	-0.585	-0.636	-0.636	0.603	0	-0.673	-0.673	0	0	-0.659	-0.659	0	0	-0.65	-0.65	0	-0.665	-0.649	0	0	-0.639	-0.639	-0.657	-0.657	0	0	0	0	-0.59	-0.59	0	0	0	0.541
X1530	0.317	0.317	0	0.389	0	0	-0.565	-0.565	0.571	0	0.285	0.285	0	0	-0.737	-0.737	-0.641	-0.641	0	0	0.38	0.38	0	0	0	-0.562	0	-0.494	-0.494	-0.544	-0.544	0	0	-0.666	0.408	0.516	0	-0.526	-0.526	-0.676	0.561	-0.257	-0.257
X1548	0	0	0	0	0	0	-0.827	-0.827	0	0	-0.797	-0.797	0	0	0	0	-0.735	-0.735	-0.793	-0.793	0	0	0	0	0	-0.799	-0.798	-0.768	-0.768	-0.8	-0.8	0	0	0	-0.847	-0.63	0	-0.808	-0.808	-0.78	-0.78	0	0
X1552	0	0	0.383	0.383	0	0	-0.506	-0.506	0	0	0	-0.289	-0.52	1.253	-0.869	0.821	-0.441	-0.441	0	0	-0.063	0.417	-0.077	-0.488	-0.346	0	0	0.384	-0.093	-0.479	-0.479	0.334	0.334	0	0	0.491	0.491	-0.451	0	-0.526	-0.526	-0.553	-0.553
X1568	0.253	0	0	0	0	0	-0.454	-0.454	-0.389	-0.389	0	0	-0.515	0.666	0.576	0.576	-0.32	-0.32	0.145	-0.403	-0.481	-0.481	2.267	0	-0.678	0	0.996	-0.343	-0.343	-0.447	-0.447	-0.435	-0.876	0	0	0	0	-0.325	0	0	0	-0.932	-0.439
X1580	0	0	0	0	0.578	0.578	0	-0.563	0.498	0	0	-0.554	0	0	-0.532	0.011	0	0	-0.537	-0.537	0	0	-0.543	-0.543	-0.507	-0.514	-0.56	0	-1.158	-0.574	-0.574	-0.473	0	-0.627	-0.627	0.569	0.569	-0.552	-0.552	-0.532	0	-0.561	-0.561
X1582	0	0	0	0	0	0	-0.609	0	0	0	0	-0.742	0	0.751	0.874	1.481	-0.122	-0.383	0	0	-0.627	0	0.74	0	0	0	0	-0.745	-0.745	-0.789	-0.789	0	0	0	0	0	0	0	0	0	-0.789	0	0
X1593	0	0	0	0	0.497	0.497	0	0	0.542	0.252	0.259	0	0.695	0	0	0	0.322	-0.281	0	0	0.396	0.396	0.565	0.261	0	0	0	0	0	0	0.411	0.308	0.308	-0.385	-0.385	0.886	0.886	0	0	0	0	-0.062	-0.373
X1605	0.382	0.382	-0.078	-0.335	0	0.675	-0.466	-0.466	0.896	0	0	0	0.842	0.842	-0.491	0	-0.38	-0.38	0.753	0.753	0	0	1.342	0	0.298	0	-0.441	-0.372	-0.372	-0.787	0	0.644	-0.504	0.347	0.347	0.382	1.014	0	0	0	0	-0.501	-0.501
X1634	0	0	0	0	0	0	-0.267	-0.267	0	0	0	0	-0.275	-0.275	-0.276	0	0	0	0	0	-0.256	-0.256	-0.257	-0.257	-0.283	0	-0.278	0	0	-0.281	-0.281	0	-0.282	0	0	0	0	-0.331	-0.331	-0.294	-0.294	0	0
X1652	0.318	0.318	0	0	0	0	0	0	0	0	0.668	0	0	0	0	0	0	0	0	0	0	0	0	0	0	0	0	0	0	0	0	0	0	0	-0.369	0.409	0.409	0	0	0	0	0.284	0.284
X1677	0	0	0	0	0	0	0	0	0	0	0	0	0	0	0	0.428	0	0	0	0	0	0	0	0	0	0	0	0	0	0	0	0	0	0	0	0	0	0	0	0	0	0	0
X1689	0	0	-0.339	0	0.581	0.581	-0.658	-0.4	0.974	0	0.346	0.346	0.257	0.257	-0.855	1.82	-0.404	-0.404	1.536	0	-0.417	-0.104	0	0	-0.455	-0.464	0	-0.149	-0.452	-0.413	-0.413	-0.34	-0.34	0	0	0	0	0	0	0.565	-0.479	-0.349	-0.349
X1718	0	0	0	0	0.463	0.463	0	0	0.266	0	0	0	0	0	0	0	0.319	0	0	0	0	0	0	0	0	0	0	0	0	0	0	0	0	0	0	0	0	0	0	0	0	0	0
X1751	0	0	0	0	0	0.598	-0.365	-0.365	0	0	0	0.322	-0.337	0	0.655	0.655	-0.323	-0.323	-0.361	-0.361	0.404	-0.337	0	0	-0.372	0	0.368	0.423	-0.36	-0.289	-0.289	0.343	-0.507	0	0	0	0	0.809	0.809	-0.294	-0.294	-0.426	-0.426
X1851	0	0	0	0	0	0.559	-0.01	0.472	1.622	0	0.446	0.446	0.621	0.621	-0.413	0	0.925	0.439	-0.557	-0.557	-0.618	0.521	0.463	0.463	1.162	0.515	0.482	0.07	-0.52	-0.533	0	-0.366	-0.671	0	0	-0.619	0	-0.582	-0.582	0	0	-0.616	-0.616
X1922	0	0.582	0.281	0.281	1.363	1.363	-0.335	-0.335	1.136	0	2.22	0	-0.304	-0.304	-0.659	0.873	-0.306	-0.306	0.767	0.379	0	0	0	0	0.261	0	-0.289	-0.29	-0.29	0	0	0.65	0.65	0.279	0.279	0.961	0.561	0.37	0.37	0.277	0	-0.797	-0.797
X1928	0	0	0	0	0	0	0	0	-0.732	-0.732	0	-0.744	0.836	0.836	1.401	2.112	0.543	0	0	0	0	0	-0.67	-0.67	-0.753	0	0	-0.701	-0.701	-0.703	-0.703	0	0	0	0	0	0	0	0	-0.705	-0.705	0	0
X1979	0.34	0.34	0.3	0.3	0.407	0.407	-0.302	-0.302	-0.034	-0.29	0.69	-0.669	-0.312	0	0.269	0.582	0.021	-0.325	-0.324	-0.324	-0.269	-0.269	0.282	0.282	0	0	-0.286	-0.306	-0.306	-0.291	0	-0.328	-0.328	0	0	0.341	0.341	0.65	0.65	-0.3	0	0	0
X2090	0	0	0.495	0.495	0.853	0.853	0	0	0	0	0	0	-0.612	0	0	1.394	-0.291	-0.291	0.639	0	0	0	0.505	0.505	0	0	0	0.532	-0.607	-0.312	1.135	0	0	-0.302	0	0.514	1.143	0	0	-0.265	-0.265	-0.575	0
X2120	0.382	0.382	0.334	0.334	0.444	0.444	0	0	0.38	0.38	0.48	0	0.265	0.265	1.955	2.637	0.314	-0.673	0	0	0	0.927	0.442	0	0	0	-0.696	0	-0.705	1.513	-0.694	-0.714	-0.714	1.757	1.197	0.45	0.45	0.09	0.349	-0.717	-0.717	0	0
X2152	0	0	0.661	0	0.406	0.406	0	0	0.568	0.568	0	0	0	0.338	0.531	0.531	-0.392	-0.392	0.954	0	-0.392	-0.012	0.648	-0.433	0	-0.416	-0.522	0	-0.457	-0.273	0	-0.426	-0.426	-0.477	-0.477	0	0	-0.01	-0.451	0	0	0	0
X2176	-0.279	0	0.563	0	0	0	-0.277	-0.277	0	0	0	0	-0.307	-0.307	-0.26	0	-0.272	-0.272	0	0	0	0	0	0	-0.296	-0.286	-0.274	0	0	-0.275	0.262	0	0	0	0	0	0	0	0	-0.281	-0.281	0	0
X2212	0	0	0.605	0.605	0	1.321	0	0	1.479	0	0	0	0	0	-0.852	1.279	-0.849	0	1.502	0	0	0.749	0	0	1.331	0.258	0	0	0	0	0	1.255	-0.901	0.838	0	0	0	0	0	0	0	-0.495	0
X2316	0	0	0	0	-0.273	0.63	0	0	-0.297	-0.297	-0.293	-0.293	0	0.473	0	0	0	0	0	0	0	0	-0.272	-0.272	-0.307	-0.318	0	-0.305	-0.305	-0.281	-0.281	-0.282	-0.282	0	0	0	0	-0.307	-0.307	-0.545	0	-0.295	-0.295
X2354	0	0.439	0	0	0	0	0	0	0.306	0	0.441	-0.312	0	0	-0.291	0.34	0	0	0	0	0.29	0.29	0	0	0	0	0	-0.331	-0.331	-0.311	-0.311	-0.606	-0.606	-0.264	-0.264	0	0	0.454	0	0	0	-0.287	0
X2357	0.256	0.256	0	0	-0.321	0	-0.33	-0.33	0	0	0	0	0	0	0.245	0.927	-0.667	-0.349	0	0	0	0.355	0.394	0	0.301	0	0	0.276	0.276	-0.352	-0.352	0.261	-0.587	-0.346	-0.346	0.394	0.394	0.339	0.339	-0.283	-0.283	-0.663	-0.361
X2360	0	0	0	0	-0.612	1.84	-0.9	-0.9	0	0	0.716	0	0	0	0.16	1.041	-0.893	-0.893	0.858	0.858	-0.899	0	-0.874	-0.874	-0.902	-0.895	0	0	0	-0.874	-0.874	-0.138	-0.844	0	0	0	0	-0.438	0	-0.863	-0.863	0	0
X2362	0	0	0	0	0.483	0.483	0	0	0	0	1.105	0.738	0.477	0.477	-0.797	0.387	0.36	-0.232	0	0	0.913	0.52	0.473	0	-1.021	-0.64	0	0	-1.225	-0.707	-0.707	0.482	0.482	-0.717	-0.717	1.202	1.202	-0.276	-0.276	0.163	0.163	-0.451	0
X2374	0	0	0	0	0	0.614	-0.258	-0.258	0	0	0.312	0.312	0.348	0.348	0.326	0.326	-0.515	-0.515	0	0	0	0	1.124	0	0	0	0	-0.31	-0.31	-0.307	-0.307	-0.482	-0.482	0	0	0.286	0.286	0	0	0	0	-0.497	-0.497
X23	0	0	0	0	0	0	-0.621	-0.621	0.273	0	0.309	-0.3	0	0.375	0.705	0.705	-0.377	-0.377	-0.571	-0.571	0	0	0	0	0	0	0	0	-1.081	-0.603	-0.603	0	-0.324	-0.351	-0.351	0.5	0.5	-0.296	0	-0.535	-0.535	-0.012	-0.273
X2401	-0.418	-0.418	0	0	0	0	-0.492	-0.492	-0.113	-0.469	0	-0.431	0	0	-0.442	-0.442	0	0	-0.358	0	0	0	0	0	0	-0.412	-0.385	0	0	0	0	0	0	0.519	0.519	0	0	0	0	-0.278	-0.278	0	0
X2412	0	0	0	0	0	0	0	0	0	0	0	0	0	0	-0.367	0	0	0	0	0	0	0	0	0	-0.4	-0.411	0	0	0	-0.448	-0.448	-0.442	-0.442	0	0	0	0	-0.456	-0.456	-0.446	-0.446	0	0
X2415	0	0	0	0	0	0	-0.57	-0.57	0	0	-0.596	-0.596	0	0	0	0	-0.511	-0.511	0	0	0	0	0.26	0.26	0	-0.545	0	0	-0.522	-0.456	-0.456	0	0	0.463	-0.431	0	0	-0.593	-0.593	-0.515	-0.515	-0.562	-0.562
X2429	0	0.718	0.681	0.681	-0.351	0	-0.447	-0.447	-0.452	-0.452	1.071	0	0	0	-0.432	0	-0.127	-0.461	0	-0.884	-0.452	-0.452	1.042	0	-0.453	-0.354	-1.046	0.922	-0.441	0	0	0.456	0	0.413	-0.989	0	0	0	0	-0.391	-0.391	-1.062	-1.062
X2438	0	0	0	0	0.507	0	-0.78	-0.78	0	0	0	0	0	0	-0.787	0	-0.787	-0.787	0	0	0	0	0	0	0	0	-0.789	0	0	-0.746	-0.746	0	0	0	0.551	0	0	0	0	-0.777	-0.777	-0.794	-0.794
X2443	0	0.466	0.5	0.5	0.316	0.316	-0.181	-0.654	-0.31	-0.31	0.364	-0.279	-0.397	-0.397	-0.615	-0.615	0	0	-0.596	-0.596	0	0	0	0	0.4	-0.88	0	-0.333	0	-0.626	0.361	0	0	-0.268	-0.268	0	0.699	1.503	1.503	0	0	0	-0.983
X2503	0.469	0.469	0.324	0.324	0	0.29	0	0	0	0	0	0	0.253	0.253	0	0	0	0	0	0	0	0	0	0	0	0	0	0.472	0	-0.504	0.976	0	0	0	0	0	0	0	0	0	0	-0.435	-0.435
X2529	0.462	0.462	0.27	0	0.482	0.482	0	0	-0.503	-0.503	0.286	0	0.745	0.745	-1.009	0.526	-0.512	-0.512	0.001	-0.471	-0.485	0.522	0.388	0	0	-0.373	0	0	0	-0.522	-0.522	0	0	1.127	0.784	0.895	0.895	0.503	0.503	-0.431	0	0	0.298
X2554	0.374	0.374	0.423	0	0	0	0	0	-0.026	-0.534	0	0	0.427	0.427	0.593	0.593	0.431	-0.342	0.343	0	0	0	0	0	-0.289	0	0	0	0	0.648	-0.643	0	0	0	-0.428	0	0	0	0	-0.644	-0.644	-0.284	-0.269
X2556	0.801	0.801	0.378	0	0	1.191	1.276	0	0.457	0	-0.356	-0.356	-0.061	0.337	-0.363	0.47	-0.428	-0.428	-0.022	0.417	-0.404	-0.404	1.035	0.427	-0.355	0	-0.447	-0.467	-0.467	-0.472	-0.472	0	0	-0.537	-0.537	0.608	0.608	-0.427	-0.427	-0.38	-0.38	-0.403	-0.403
X2577	0	0	0	0	0	0.683	0	0	0	0	0	0	0	0	-0.014	0.275	0	0	0	0	0	0	0	0	0	0	0	0	0	0	0	0	0	0	0	0	0	0	0	0	0	-0.398	-0.398
X2587	0	0	0	0	0	0.313	0	0	0	0	0	0	0	0	0	0.267	0	0	0	0	0	0	0	0	0	0	0	0	0	0	0	0	0	0	0	0	0	0	0	0	0	-0.419	-0.419
X2593	0	0	0	0	0	0.699	0	0	0	0	0	0	0	0	0	0	0	0	0	0	0	0	0	0	0	0.294	-0.262	0	0	-0.407	0	0	0	-0.376	-0.376	0	0.64	0.266	0.266	-0.319	-0.319	-0.594	0
X2638	-0.623	0.612	1.177	0	0.651	0.651	0	0	-0.633	-0.633	0.375	0	0	0	0	-0.633	-0.51	0	0	0	0	0	0.626	0.626	-1.293	0.581	-0.628	0	-0.618	-0.664	-0.664	-0.646	-0.646	0	-0.721	0.537	0.537	-0.664	-0.664	-1.293	-1.293	0	0
X2648	0	0	0.548	0.548	0	0	0	0	0.345	0	0	0	0	0	-0.288	0	0	0	0.521	0	0	0	0	0	0	0	0	0	0	-0.429	0.616	0.532	0.145	0.41	0.41	0	0	0	0	0	0	0	0
X2665	0	0	0	0	0	0	-0.726	-0.726	0	0	-0.31	0	0	0	0.705	0.705	0	0.832	-0.69	-0.69	0	0	0	0	-0.674	0	0	0	-0.432	-0.599	0	0	0	1.026	-0.588	0	0.919	0	0	-0.542	-0.542	-0.768	-0.768
X2700	0	0	0	0	0	0	-0.463	-0.463	0	0	-0.496	-0.496	0.494	0.494	-0.529	0	0.345	0.345	-0.505	0	-0.513	0	-0.481	-0.481	0	0	0	0	0	-0.522	-0.522	0	0	0	0	0.929	0	-0.806	0	0	0	0	0
X2704	0	0	0	0	0.25	0.25	0	0	0	0	0	0	0	0	0.566	0.566	0	0	0	0	0	0	0	0	0	0	0	0	0	0	0	0	0	0	0	0	0	0	0	0	0	0	0
X2716	0.455	-0.478	0	0	-0.401	0.946	-0.467	-0.467	0	0	0	0	0.379	1.456	1.016	1.533	0.499	0.499	0.468	0.468	-0.495	0.66	0.501	0.501	-0.46	0.461	-0.394	-0.469	-0.469	-0.509	0	0	-0.372	0.411	0	0	0	0	0	-0.494	-0.494	-0.468	0
X2763	0	0	0	0	0	0	0	-0.54	0	0	0	-0.601	0	0	-0.563	-0.563	-0.655	-0.655	0	0	0	0	0	0	-0.545	-0.625	0	-0.645	-0.645	-0.715	-0.715	-0.186	-0.624	-0.282	-0.282	0.527	0	0	0	-0.705	-0.705	-0.602	-0.602
X2773	0	0.457	0.312	0.312	0	0.264	0	0	0	0	0	0	0	0	0.495	0.495	0	0	0.251	0	0	0	0.606	0	0	0	0	0	0	0	0	0	0	0	0	0	0	0	0	-0.265	-0.265	0	0
X2797	0.589	0.589	0.876	0	0.412	0.689	-0.275	-0.275	0	-0.287	0.768	0.768	0	0	-0.38	0	0.087	-0.302	0.182	-0.329	-0.299	-0.299	-0.284	-0.284	0	-0.324	-0.327	0	-0.373	-0.398	0	-0.34	-0.34	0	-0.513	0.593	0.593	-0.883	-0.883	-0.256	0	-0.337	-0.337
X2816	0	0	0	0	0	0	0	0	0	0	0	0	0	0	0	0.291	0	0	0	0	0	0.319	0	0	0	0	0	0	0	0	0	-0.034	-0.336	0	0	0	0	0	0	0	0	-0.36	-0.36
X2825	0	0.647	-0.364	-0.364	0	0	0	0	-0.389	0	-0.91	-0.91	0.366	0.366	-0.407	-0.407	-0.377	-0.377	0	0	-0.372	-0.372	0	0	0	0	-0.369	0	-0.557	-0.303	0.552	-0.286	-0.286	0	-0.37	0.55	0.55	0	0	-0.342	-0.342	-0.532	-0.532
X2890	0	0	0	0	-0.364	0	0	0	-0.358	-0.358	0	0	0	0	0	0.416	0	0	0	0	0	0.287	0	-0.361	-0.377	0	0	-0.487	0	-0.454	0	-0.373	-0.373	0	0	0	0	-0.353	-0.353	0	0	0	0
X2902	0	0	0	0	0	0	-0.328	-0.328	0	0	0.573	0	0.474	0.474	-0.482	0	0.283	-0.301	0.308	0.308	-0.288	0	0.326	0.326	0	0	-0.331	0	-0.514	-0.332	-0.332	0.284	-0.193	-0.59	-0.59	0	0.637	0	0	-0.535	-0.535	-0.266	0
X2949	0	0	0.286	0.286	-0.319	0.594	-0.367	-0.367	-0.381	-0.381	1.54	-0.68	-0.341	-0.341	0.318	0.986	-0.671	-0.671	0.803	0	0.611	0.611	0	0	0.651	0	0	0.991	-0.695	0	0	0	0	-0.321	0	0.986	0.986	-0.788	-0.356	-0.322	-0.322	-1.041	-1.041
X2991	0	0	0	0	0	0	-0.298	-0.298	0	0	-0.368	-0.368	0	0	0	0	0	0	0	0	-0.644	-0.644	0.405	0.405	-0.298	-0.664	0	-0.349	-1.041	0	0	0.579	0	-0.624	-0.624	0	0	-0.654	-0.337	-0.622	-0.622	-0.299	0
X2998	0	0.314	0	0	0.367	1.694	-0.586	0	0	-0.463	0	0	-0.278	0	0.404	0.988	-0.582	-0.582	-0.258	0	0	0	0	0	0	0	0	-0.602	-0.602	-0.629	-0.629	0.627	-0.604	0	-0.648	0	0	-0.608	-0.608	-0.549	-0.549	-0.588	-0.588
X300	0	0	0	0	0.582	0.582	-0.672	-0.672	0.525	0.525	-0.678	-0.678	0	0	1.236	1.903	0	0	0	0	0	0.458	0	-0.537	0.629	0	0	0	-0.684	-0.564	0	-0.664	-0.664	-0.535	-0.535	0	0	0	0	0	0	-0.033	0.537
X301	0.68	1.064	0.67	0.67	-0.383	0.66	-0.404	-0.404	-0.412	-0.412	0	-0.423	0	0	-0.407	-0.407	-0.339	-0.339	-0.379	-0.379	0	0	0.561	0.561	0	0.316	-0.341	0	-0.868	-0.326	-0.326	-0.359	-0.359	-0.266	-0.266	0.509	0.509	-0.67	0	-0.872	-0.872	-0.882	-0.882
X3056	0	0	0	0	0	0	0	0	0	0	0	0	0	0	-0.287	0	-0.276	-0.276	-0.299	-0.299	-0.267	0	-0.35	-0.35	0	-0.29	0.803	-0.322	-0.322	-0.386	-0.386	0	0	-0.43	-0.43	0.38	0	-0.352	-0.352	-0.36	-0.36	0	0
X3059	0	0	0	0	0	0	0	0	0.75	0	0	0	0	0	0.272	0.272	0	0	0	0	0	0	0	0	0	0	-0.284	-0.322	-0.322	0	0	0	0	0	-0.385	0.656	0.656	0	0	-0.317	-0.317	0.675	0.675
X3080	0	0	0	-0.687	0	0	-0.679	-0.679	0	-0.655	-0.715	-0.715	0	0	-0.297	0.747	-0.688	0	0	0	-0.552	0	0	0	-0.675	0	0	-0.701	-0.701	-0.703	-0.314	-0.337	-0.337	0	0	0	0	0	0	-0.686	-0.686	-0.727	-0.727
X3107	0	0	0.754	0.754	0	0.827	0	0	1.039	0	1.154	1.154	0.706	0.706	0.759	1.606	0	0	0.424	0	0.489	0	0.718	0	0	0	-0.267	-0.323	-0.323	-0.325	0.416	0.47	1.334	-0.491	-0.491	0	1.668	-0.264	-0.264	-0.312	-0.312	0	0
X3144	0	0	0	0	0	0	0	0	0	0	0	0	0	0	0.29	0.29	0	0	0	0	0	0	0	0	0	0	0	0	0	0	0	0	0	0	0	0	0	0	0	0	0	0	0
X3151	0.842	0.842	0.822	0.282	0	0.79	-0.359	-0.722	0	0	0	0	0.285	0.285	1.025	1.025	1.504	0	0	0.264	-0.726	-0.726	0	0	0	-0.724	-0.752	0	-0.721	-0.735	-0.735	0.845	0.845	-0.81	-0.81	1.052	1.052	1.109	1.109	-0.702	-0.702	0.712	0.712
X3225	0	0	0	0	0.254	0.254	0	0	-0.593	-0.593	0.678	0.678	0	0	-0.285	0.347	0	0	0	0	-0.52	0	0.667	-0.559	-0.007	0	-0.575	-0.558	-0.558	0	0	-0.579	0	-0.404	0	-0.583	0	-0.61	-0.61	0	-0.594	-0.663	-0.663
X3238	0	0	0.265	0.265	-0.491	1.505	-0.451	-0.451	0	0	0.224	-0.495	0.412	0.412	0	-0.367	-0.469	-0.469	0.928	0.511	-0.423	-0.423	0.887	0.887	-0.473	0	-0.453	1.607	0.667	-0.369	-0.369	0	-0.478	0	0	0	1.262	0	0	0	-0.372	-0.471	-0.471
X3297	0	0	0	0	0	0.293	0	0	0.347	0	-0.288	-0.288	0	0.705	-0.417	0	0	0	-0.323	0	0	0	0	0	-0.331	0	-0.386	-0.348	-0.348	1.017	-0.315	0.574	0.272	0	0	0.461	0.461	0.413	0.413	-0.355	0	-0.556	0
X3349	0	-0.299	0.034	-0.461	-0.468	0	-0.482	-0.482	0.433	-0.439	0	0.36	-0.049	0.412	-0.498	0.423	-0.402	0	0	0	-0.48	-0.48	0	0	-0.431	0	0	0	-0.49	-0.534	-0.534	-0.425	-0.425	0	0	0.446	0.446	-0.423	-0.423	0	-0.533	0	0
X3391	-0.255	0.692	0.631	0	0.347	0.347	-0.298	-0.298	0.555	0	0.35	0.35	0	0	1.571	1.571	0	0	0.334	0.334	0	0.485	0.26	0.26	0.346	0	0	-0.318	-0.318	0	0	-0.336	-0.336	0	0.413	1.055	1.055	0	0	0	0	-0.311	-0.311
X342	0	0	0	0	0	0	0	0	0	0	0	0	0	0	0	0	0	0	0	0	0	0	0.806	0.806	0	0	0	0	0	0.811	0.811	0	0	0	0	0	0	-0.458	0	0	0	0	0
X356	0	0	0	0	0	0	0	0	0	0	0	0	0	0	0	0	0	0	0	0	0	0	0	0	0	0	0	0	0	0	0	0	0	0	0	0	0	0	0	0	0	0	0
X429	0	0	0	0	0	0	-0.707	-0.707	-0.748	-0.748	0	0	0	0	-0.629	0	-0.759	-0.759	-0.744	0	0	0	0	0	-0.751	-0.083	-0.767	0	0	-0.791	-0.791	-0.777	-0.777	-0.769	-0.769	-0.721	-0.721	-0.532	0	-0.773	-0.773	-0.732	-0.732
X451	0	0	0	0	0	0	0	0	-0.57	-0.304	-0.396	-0.396	0	0	-0.65	0	0	0	0	0	-0.29	-0.29	0	0	-1.008	-0.65	-0.291	-0.608	-0.608	-0.633	-0.633	0	-0.37	0	0	0.446	0.446	-0.344	0	-0.598	-0.598	-0.666	0
X472	0	0.321	0	0	0.36	0.36	-0.48	0	0.257	-0.333	0	0	-0.373	0	0.355	2.491	-0.456	0	-0.045	-0.399	0.764	0.764	0	0	0	0	-0.302	0	-0.463	-0.429	0	0.319	-0.521	0.402	1.325	0.373	1.194	-0.304	0	-0.285	0	-0.479	-0.479
X544	0	0	0	0	0	0	-0.615	-0.615	0	0	-0.588	-0.588	0	0	-0.584	0	-0.624	-0.624	-0.643	-0.643	0	0	0	0	-0.641	-0.586	0	0	0	-0.671	-0.671	-0.663	-0.663	0	-0.77	0	0	-0.605	-0.605	-0.712	-0.712	-0.659	0
X592	0	0	-0.82	0	0	0	-0.811	-0.811	0.416	0	0.72	0	0.007	0.792	0	1.126	0	0	0	0	-0.781	0	0.384	0.384	-0.857	0.832	0	0	-0.471	-0.742	-0.742	-0.86	-0.86	0	-0.749	0.913	0.913	0	0	-0.81	-0.81	-0.817	0
X603	0	0	0	0	0	0.677	0	0	0	0	0	0	0	0	0	0	0	0	0	0	0	0	0.544	0	0	0	0	0	0	-0.264	-0.264	0	0	0	0	0.584	0	0	0	0	0	0	0
X655	0.617	0	0	0.675	-0.633	0.869	-0.623	-0.623	0.709	0.709	0.089	-0.611	-0.307	0.338	0	0	0	0	0.609	0	-0.252	0	0	0	0	-0.454	0	-0.637	-0.637	-0.639	-0.639	-0.618	-0.618	0	0	0	0	-0.64	-0.64	-0.64	-0.64	-0.606	-0.606
X736	0	0.322	0	0	-0.11	0.449	-0.515	-0.515	-0.526	-0.526	-0.527	-0.527	0	0	0.084	0.589	-0.545	-0.545	0.412	0	0	0	0	0	-0.529	-0.497	0	0	-0.582	-0.567	-0.567	-0.566	-0.566	-0.542	0	0	0	0	0	-0.572	-0.572	-0.494	-0.494
X80	0	0.597	0	0	0	0.48	-0.191	0.375	0	0	-0.201	-0.699	0.453	0.453	-0.65	0	0	0	0	0	-0.717	0	0	0	0	0	-0.667	0	0	0	0	-0.718	-0.718	0	0	0	0	-0.145	-0.145	0	0	-0.717	-0.717
X860	0	0	0	0	0	0.508	0	0	0	-0.425	0	0	-0.502	0	-0.519	0	-0.516	-0.516	0	0	0.117	0.559	0.5	0	-0.503	0	0	-0.495	-0.495	-0.519	0	0	-0.504	0	0	-0.454	0	0	0	-0.382	-0.382	-0.539	-0.539
X88	0	0	0	0	0	0	0	0	0	0	0	0	0	0	0	0	0	0	0	0	0	0	0.801	0.801	0	0	0	0	0	0	0	0	0	0	0	0	0	0	0	0	0	0	0
X935	-0.469	0.298	1.01	0	0	0	-0.405	-0.405	0	0	0.255	0.255	0.253	0	-0.471	0.183	-0.469	0	-0.255	0	-0.303	0	1.134	0.824	0	0	-0.515	-0.513	-0.513	0	0	0	0	0.899	0.555	0.253	0.253	0	0	-0.546	-0.546	-0.3	0
X93	0	0	0	0	0	0	-0.668	-0.668	0	0	-0.67	-0.67	-0.68	0	-0.683	-0.683	-0.557	0	-0.672	0	0	0	-0.644	-0.644	-0.673	0	0	0	-0.701	-0.687	-0.687	0	-0.721	0	-0.721	0	0	-0.619	-0.619	-0.685	-0.685	0	0
X94	0	0	0	0	0	0	-0.726	0	0	0	-0.756	-0.756	-0.494	0	0.009	0.79	0	0	-0.727	-0.727	-0.76	0.936	-0.681	-0.681	0	0	0	0	-0.661	-0.692	-0.692	-0.624	-0.624	0.275	-0.713	0	0	0	0	-0.696	-0.696	0	0
X970	0	0	0	0	0	0	0	0	0	0	0	-0.778	0	0	-0.798	2.428	-0.809	-0.809	0	0	-0.812	-0.812	0	0	-0.757	0.842	0	-0.781	-0.781	-0.797	-0.797	-0.826	-0.826	0	0	0	0	-0.479	0	-0.789	-0.789	-0.826	-0.826
X987	0	0.937	2.17	0	0.699	0.699	0	0	0	0	0.454	0	0.28	0.28	-1.036	0	0	0	-0.276	0	0	0	3.657	0	1.819	0	-0.287	0.256	0	0	0	0	0	0	0	0.755	0	0	0	-0.668	-0.668	0	0
X991	0.38	0.93	0	0	0	0	-0.545	-0.545	0.581	0.581	-0.416	-0.416	0	0	0.581	0.581	0	0	0.431	0.431	0	0	0	0	0.599	0	0.512	0.499	0.499	0.393	0.393	0	0	0	0	0.532	0.532	-0.543	-0.543	0	0	-0.549	0
