5228967 0
  24736 1
  28898 10
  10243 11
  20507 12
  29410 13
   9398 14
  47323 15
  15321 16
  20953 17
  23098 18
  37508 19
   7122 2
  48582 20
  63960 21
  87927 22
  78059 23
 144869 24
 301557 25
   9491 26
 861625 27
   6822 28
   6062 29
  47926 3
  15383 30
  19099 31
   3155 32
  48841 33
   6594 34
   7259 35
  14264 36
  25126 37
   6014 38
  62320 39
  11856 4
1004734 40
  13182 41
  43561 42
  35871 43
  29420 44
  99879 45
  49042 46
 125969 47
 176493 48
 159357 49
  12532 5
 718243 50
  41232 51
  69679 52
  22817 53
  40280 54
  93310 55
   7113 56
 146059 57
   9055 58
  16547 59
  19940 6
107140477 60
  30441 7
  14110 8
  55399 9
