5153716 0
  22169 1
  28043 10
   9381 11
  19196 12
  25442 13
   8310 14
  43822 15
  13956 16
  19328 17
  20819 18
  33693 19
   6755 2
  45514 20
  61243 21
  78503 22
  72493 23
 132475 24
 255946 25
   9194 26
 792394 27
   5985 28
   5379 29
  44412 3
  15189 30
  17196 31
   3160 32
  45204 33
   6158 34
   6272 35
  13586 36
  22284 37
   5788 38
  57121 39
  10865 4
 940474 40
  12684 41
  41419 42
  33254 43
  29441 44
  92711 45
  49184 46
 118270 47
 161052 48
 152522 49
  11572 5
 653943 50
  39215 51
  65201 52
  23128 53
  40521 54
  85839 55
   8463 56
 139624 57
  11169 58
  18483 59
  19184 6
99759786 60
  27131 7
  13359 8
  51442 9
