4758499 0
  21736 1
  26883 10
   8704 11
  17611 12
  25533 13
   8379 14
  43459 15
  12313 16
  17811 17
  19907 18
  34812 19
   6431 2
  47067 20
  61454 21
  79035 22
  73315 23
 137110 24
 271716 25
   8765 26
 799326 27
   5736 28
   5625 29
  43979 3
  14648 30
  17226 31
   3023 32
  45828 33
   6137 34
   6703 35
  13656 36
  22160 37
   5638 38
  58239 39
  10458 4
 965027 40
  12292 41
  41713 42
  32980 43
  28346 44
  96045 45
  48007 46
 119007 47
 164950 48
 153485 49
  10799 5
 668075 50
  40905 51
  65347 52
  21459 53
  41213 54
  86768 55
   7409 56
 142818 57
   9345 58
  16897 59
  17708 6
102175915 60
  26307 7
  12923 8
  50451 9
