4874581 0
  21534 1
  27406 10
   9348 11
  17905 12
  25447 13
   8008 14
  44567 15
  14873 16
  20500 17
  20411 18
  33762 19
   5935 2
  42862 20
  63131 21
  80007 22
  72414 23
 135119 24
 265083 25
   8693 26
 817926 27
   6245 28
   6017 29
  44163 3
  14364 30
  17875 31
   2978 32
  46763 33
   6273 34
   6789 35
  13705 36
  22739 37
   6374 38
  60428 39
  10543 4
 950411 40
  12833 41
  42666 42
  35189 43
  28482 44
 101943 45
  47646 46
 117906 47
 171778 48
 153600 49
  11619 5
 680182 50
  45343 51
  65793 52
  21481 53
  44232 54
  88179 55
   8334 56
 148365 57
   9427 58
  17471 59
  17837 6
105616911 60
  26611 7
  12450 8
  51580 9
