5201460 0
  20653 1
  27757 10
   9246 11
  18851 12
  24149 13
   7859 14
  43310 15
  13700 16
  19290 17
  21049 18
  32837 19
   5714 2
  44258 20
  60628 21
  77822 22
  71399 23
 136144 24
 257880 25
   8929 26
 797110 27
   6105 28
   5744 29
  44195 3
  14853 30
  17076 31
   3016 32
  46534 33
   6149 34
   6471 35
  13795 36
  22381 37
   6288 38
  58774 39
  10554 4
 935171 40
  12768 41
  41786 42
  33137 43
  28608 44
  92109 45
  47824 46
 116961 47
 159344 48
 147965 49
  11170 5
 665802 50
  36152 51
  66269 52
  22338 53
  35967 54
  84306 55
   7666 56
 138708 57
  10741 58
  17180 59
  18763 6
100154157 60
  26554 7
  12765 8
  51036 9
