estimate	std_error	t_value	p_values	r_sq	FDR
del36_18q23   	-2897.82831837476	889.46501204487	-3.25794525825438	0.00175304730646414	0.103925619634867	0.0788339641719135
del33_17q11.2 	-2852.92972501432	895.9251563202	-3.18433934451853	0.00218983233810871	0.0984878203393689	0.0788339641719135
amp23_17q24.2 	816.458062866475	276.076365273493	2.95736312689302	0.00426383303950591	0.0821126812965405	0.102331992948142
amp13_10q26.3 	1752.16712036003	646.728735380449	2.70927674077957	0.00852476905219369	0.0649852884467838	0.153445842939486
del16_8p23.1  	-1549.93943467234	596.524894579417	-2.59828122641074	0.0114777169577948	0.0576164127292726	0.165279124192245
del35_17q21.31	-1306.84225879046	520.512379169837	-2.51068430087049	0.0144327660022038	0.0519404430085693	0.173193192026446
del7_4p16.3  	-1764.15666325082	759.663780140519	-2.32228613416911	0.0232188955293004	0.0401786992174705	0.238822925444233
del44_22q13.33	-1528.33077801384	850.800833747929	-1.79634377094022	0.0768815960157531	0.0109884661978503	0.691934364141778
amp27_20q13.33	806.758362869558	502.782025055152	1.6045887137295	0.113219128980883	0.00184949892335717	0.774278019147084
del38_19p12   	-878.741987581753	556.490385602475	-1.57907847164403	0.11895895388761	0.000699521629734412	0.774278019147084
del41_19q13.43	-965.430592966541	631.560364336725	-1.52864341634303	0.13099154414994	-0.00152731543660378	0.774278019147084
amp14_11q13.5 	1127.01399754933	757.402773017243	1.48799824571499	0.141374278889553	-0.00327623928988463	0.774278019147084
del29_16q11.2 	-1122.61624620154	769.567985390948	-1.45876162666933	0.149234579935653	-0.00450877939530425	0.774278019147084
del32_17q11.1 	-1303.74929846797	925.121928502558	-1.40927293830152	0.163311360342912	-0.00654597428188808	0.774278019147084
del26_15q11.2 	842.197808333155	607.040724684613	1.38738271434872	0.169855365287584	-0.007427208581539	0.774278019147084
del20_11p15.5 	-1181.99954542805	876.961555073537	-1.34783507736429	0.182184712078474	-0.00898807976609217	0.774278019147084
del22_12q24.32	-1104.68176305828	877.769478216557	-1.25851011053923	0.212511158388409	-0.0123639239500706	0.774278019147084
amp1_1p36.33 	-650.000740072675	546.379819655653	-1.18964997734054	0.238321230286581	-0.0148225321934139	0.774278019147084
amp8_5q21.1  	251.613204254674	214.330875587079	1.17394754052804	0.2445112466425	-0.0153654173260747	0.774278019147084
del19_10q23.31	-940.56845668104	847.804363091048	-1.1094168626967	0.271158494319639	-0.0175264654311325	0.774278019147084
del31_17p11.2 	-592.873136518084	540.592767922474	-1.09670933778217	0.276637181373854	-0.0179386707098863	0.774278019147084
amp4_2q31.2  	517.581536212112	473.06205175291	1.09410918566441	0.277767644679341	-0.0180224697487412	0.774278019147084
del6_3p12.1  	-946.132023382586	905.975445254486	-1.04432413520525	0.300033814516375	-0.0195911447771364	0.774278019147084
del25_14q11.2 	278.184058927887	272.845526294893	1.01956613584796	0.311548056062253	-0.0203457685343409	0.774278019147084
del45_xq28    	-635.980346754603	624.972963652943	-1.01761257485015	0.312469116670601	-0.0204045893138838	0.774278019147084
del14_6q27    	-748.556420437606	747.122710453745	-1.00191897524168	0.319934786280162	-0.0208732649138159	0.774278019147084
amp5_3q26.2  	347.318027860783	351.006875234282	0.989490669175534	0.325931050815697	-0.0212395564676178	0.774278019147084
del27_15q14   	782.157758499652	793.928031886513	0.985174634331915	0.328030762971146	-0.0213657514991521	0.774278019147084
amp10_6q16.3  	-194.35842044641	199.356210566715	-0.974930351524555	0.333050350002875	-0.0216631952382249	0.774278019147084
amp11_7q36.1  	-606.71915294459	640.724654322818	-0.946926497757187	0.3470291770801	-0.0224612787807985	0.774278019147084
amp16_12p12.1 	176.742793417594	193.1897983583	0.914866079469666	0.363494754579425	-0.0233478743167266	0.774278019147084
del42_21q22.3 	-780.163899593745	861.613023492005	-0.905469019527864	0.368414094889855	-0.0236022366252828	0.774278019147084
del24_13q34   	-458.436376584892	531.050617460668	-0.86326305160326	0.391027474686993	-0.0247137753961826	0.774278019147084
del17_9p24.3  	-381.849336871914	450.126078188365	-0.848316405947316	0.399238111640046	-0.025095247248698	0.774278019147084
del39_19q13.32	-639.508556791798	755.856461749518	-0.846071429106501	0.400480442784255	-0.0251519928326946	0.774278019147084
del3_1q44    	-468.036372614935	556.613905737754	-0.840863600047118	0.40337149442926	-0.0252830745206263	0.774278019147084
del10_4q35.2  	-717.25416799529	867.596594262617	-0.826713904524826	0.411290773906337	-0.0256353032463614	0.774278019147084
amp26_19q13.12	313.981316254323	402.277003313314	0.78051022968812	0.43779921823047	-0.0267454070578128	0.774278019147084
del18_9q34.2  	-641.511749449798	829.32875101987	-0.773531303069979	0.441888864581272	-0.0269077376406839	0.774278019147084
del30_16q24.2 	-640.608424695629	842.816220339946	-0.760080797255235	0.449833597743689	-0.0272166266881224	0.774278019147084
amp3_2q14.1  	-454.156455875341	620.325337804032	-0.732126237956144	0.466607430553864	-0.0278418353175687	0.774278019147084
amp12_8q24.3  	126.669822443436	173.301727272336	0.730920715200837	0.467338687947506	-0.0278682869411317	0.774278019147084
amp2_1q21.3  	-406.76272632666	563.287707710425	-0.722122497542177	0.472695216242468	-0.0280600584499135	0.774278019147084
del5_2q37.3  	532.306706846719	762.420655742293	0.69817980774467	0.48744550241272	-0.0285705178302662	0.774278019147084
del37_19p13.3 	-757.01115750225	1094.34102168211	-0.691750690601588	0.491449107116898	-0.0287047399632274	0.774278019147084
amp9_6p21.33 	-174.252352295105	257.756657924013	-0.676034340678311	0.501311682701653	-0.0290277695277641	0.774278019147084
amp22_17q12   	-124.503383354733	192.317909474009	-0.647383198451204	0.519563600648781	-0.0295980500420334	0.774278019147084
del40_19q13.42	-383.50705345881	595.549806660612	-0.643954626749396	0.52177099319638	-0.029664680306271	0.774278019147084
del12_6p21.33 	-170.735609594357	268.470406325559	-0.635956908365221	0.526939207475099	-0.0298187643179897	0.774278019147084
del9_4q13.2  	412.888111502955	677.288768554345	0.609619014330111	0.544145899062997	-0.0303128884720378	0.783570094650715
amp18_13q34   	-293.605876033046	496.83665579247	-0.590950511823118	0.556512793569579	-0.0306507450289333	0.785665120333524
amp17_12q12   	187.476871544619	329.0244344328	0.569796197257529	0.570693643887501	-0.0310211445465536	0.790130300499139
amp21_15q26.3 	-348.128347967948	628.769935662761	-0.553665702226999	0.581623693422977	-0.0312946785317381	0.790130300499139
del13_6q14.3  	-260.78257288595	609.75424017702	-0.427684722307534	0.670232080921776	-0.0331646557431846	0.88917093776522
del1_1p36.33 	-285.405458811107	708.063065014073	-0.403079150591528	0.68815455354857	-0.0334744941607863	0.88917093776522
del23_13q14.2 	-237.478747331683	596.068643466785	-0.398408387917349	0.691577396039615	-0.0335312568357169	0.88917093776522
del11_5q13.2  	-230.048904833955	705.934563449716	-0.325878511614118	0.745517004605234	-0.0343284518119555	0.92877333316708
del21_11q11   	186.970397654878	638.510001659597	0.292822974062912	0.770549165005381	-0.0346391420861609	0.92877333316708
del28_15q15.1 	-275.302556948969	1030.90338924306	-0.267049812641619	0.790239043787279	-0.0348584638917746	0.92877333316708
amp7_5p15.33 	-110.688186902601	488.369166109403	-0.226648598199594	0.821376956025652	-0.0351617833245466	0.92877333316708
amp15_12p13.32	78.5070495960329	354.015832595936	0.221761408297348	0.825164261057026	-0.0351951198134042	0.92877333316708
amp6_4p16.3  	99.9873069676681	482.090400729589	0.207403646320999	0.836314503289423	-0.0352888651687806	0.92877333316708
del15_7p22.1  	-157.334135578426	762.882243828539	-0.206236462902638	0.837222450357328	-0.0352962110317152	0.92877333316708
amp19_14q11.2 	-21.3443947475065	104.309521967556	-0.204625563849726	0.838475925775836	-0.0353062815704381	0.92877333316708
amp20_14q11.2 	-21.3443947475065	104.309521967556	-0.204625563849726	0.838475925775836	-0.0353062815704381	0.92877333316708
del43_22q11.21	104.211306491679	560.713442257582	0.185854838921102	0.853111896550416	-0.0354178187533827	0.930667523509544
del34_17q21.31	-73.4333369892317	512.844510397167	-0.143188306592893	0.886564928021752	-0.0356315243972634	0.95272648981442
del8_4p16.1  	34.7108088748527	442.877888987544	0.0783755742563814	0.937759478993162	-0.035850208097252	0.9851989368642
del2_1p36.11 	40.0624814728738	821.714868292153	0.0487547238327809	0.961257682680258	-0.0359075694589257	0.9851989368642
amp24_19p13.12	-20.1038427630865	515.916604701252	-0.0389672334247275	0.969030691494833	-0.0359206486853623	0.9851989368642
amp25_19q12   	4.80912330474112	134.186317300851	0.0358391481447312	0.971515618296642	-0.0359242134150792	0.9851989368642
del4_2p25.3  	6.62184787270687	448.840868775754	0.0147532195336143	0.988272261679361	-0.0359404649886323	0.988272261679361
