estimate	std_error	t_value	p_values	r_sq	FDR
amp10_6q16.3  	16.337435238431	1.44311261434082	11.3209704329926	5.3889733088043e-19	0.58911452488391	3.8800607823391e-17
amp12_8q24.3  	12.443124590085	1.42158601684767	8.75298746795303	1.1239157435757e-13	0.461989108751154	4.04609667687252e-12
amp19_14q11.2 	20.1492336612586	2.61208129644528	7.71386162011084	1.57896762241371e-11	0.400412198607957	2.84214172034467e-10
amp20_14q11.2 	20.1492336612586	2.61208129644528	7.71386162011084	1.57896762241371e-11	0.400412198607957	2.84214172034467e-10
del25_14q11.2 	17.6449079748689	2.39995995097591	7.3521676758372	8.63264648345008e-11	0.377730979311808	1.24310109361681e-09
del41_19q13.43	-15.2164487155847	6.59565243610378	-2.30704223168155	0.0233470611538367	0.0596068687835672	0.28016473384604
amp1_1p36.33 	11.9410221797718	5.66727899064227	2.10701153048733	0.0378986748002817	0.0508148206687487	0.389814940802897
del37_19p13.3 	20.9686763083149	10.6444461725468	1.96991707867295	0.0519223507453234	0.0451637830107474	0.436906817749528
del1_1p36.33 	13.1248114843422	6.73992146968371	1.94732409618983	0.0546133522186911	0.0442627999338606	0.436906817749528
amp26_19q13.12	-5.66446728936851	3.5866442570599	-1.57932230892948	0.117770544063894	0.0308525905517213	0.803482712329741
del42_21q22.3 	-13.1563379381051	8.44463660893848	-1.55795193415184	0.122754303272599	0.0301495917282043	0.803482712329741
del23_13q14.2 	-9.15686330217344	6.20908467012245	-1.4747525261228	0.143768750317333	0.0274947268168385	0.829975739334887
del44_22q13.33	-12.8904827197832	8.87505137869459	-1.45244034876554	0.149856730713244	0.0268051535101425	0.829975739334887
del31_17p11.2 	-7.88978668637719	5.71192650293662	-1.38128294933783	0.170611832237605	0.0246700237954143	0.833922753339061
amp16_12p12.1 	2.96964102328484	2.16578478897195	1.37116164006972	0.173733906945638	0.0243743005472974	0.833922753339061
del19_10q23.31	10.2963008561661	8.14978050203204	1.26338382409181	0.209714244836232	0.0213498872274067	0.870810834385247
del43_22q11.21	-6.42310266096091	5.28337769036719	-1.2157190035215	0.227271259109885	0.0200857232166149	0.870810834385247
del26_15q11.2 	-7.24277853835854	6.2922579675944	-1.15106192016592	0.25275568176047	0.0184437243883927	0.870810834385247
amp4_2q31.2  	-5.93451069032613	5.21712564600877	-1.13750580166038	0.258346208521732	0.0181101655318249	0.870810834385247
del22_12q24.32	8.87077408454025	8.10690154178773	1.09422496854255	0.276776235657937	0.0170702021163154	0.870810834385247
del17_9p24.3  	-5.12791621393836	4.72284518126147	-1.08576843346127	0.280481127965592	0.0168714664480513	0.870810834385247
del38_19p12   	-5.55515897255434	5.18448508892473	-1.07149675951841	0.286811068614453	0.0165393876818293	0.870810834385247
del2_1p36.11 	-8.42988177025918	7.8773350076999	-1.07014386997877	0.287416167764081	0.0165081245798405	0.870810834385247
amp17_12q12   	3.82927075092382	3.65411890254872	1.04793271731058	0.297475697246291	0.0160002296071086	0.870810834385247
del14_6q27    	-7.01174138383994	7.10453507332654	-0.986938809010179	0.326318540747834	0.0146577709070207	0.870810834385247
amp23_17q24.2 	-3.16619479002609	3.25034547427326	-0.974110233846456	0.332612739024973	0.0143852143922243	0.870810834385247
del32_17q11.1 	-9.23175905096141	9.55120140291428	-0.966554746520642	0.336356812599623	0.0142262891522832	0.870810834385247
amp8_5q21.1  	-2.35738742851455	2.47666346416794	-0.951840031001765	0.343727409167597	0.0139201812510119	0.870810834385247
del33_17q11.2 	-6.93544051645024	8.30154168141742	-0.835440064340684	0.405682379477532	0.0116583509086959	0.870810834385247
amp15_12p13.32	-1.64482755655959	1.97373879913962	-0.833356246164176	0.406850048120667	0.0116204552568137	0.870810834385247
del4_2p25.3  	4.04478305604552	4.96583445847991	0.814522330509516	0.417495834140693	0.0112821121346076	0.870810834385247
del35_17q21.31	-4.64764577875109	5.81360296626184	-0.799443272222551	0.426138331316002	0.0110166361404582	0.870810834385247
del40_19q13.42	-4.81830970767396	6.0656758396225	-0.794356611706739	0.429077499636222	0.0109281696604954	0.870810834385247
del20_11p15.5 	-7.11464546559233	9.24378418458617	-0.76966806272434	0.44351223540377	0.01050659423501	0.870810834385247
del18_9q34.2  	6.10181634855717	8.20084669506406	0.744047117992065	0.458786179812879	0.0100828083765211	0.870810834385247
del10_4q35.2  	6.44902476927566	8.87237726442547	0.726865481152787	0.469194776830597	0.00980645438321914	0.870810834385247
del28_15q15.1 	-7.64000916918738	10.6866120429161	-0.714914056812961	0.476512550000755	0.0096179433550595	0.870810834385247
amp6_4p16.3  	-3.64278884221869	5.32116024542377	-0.684585442686396	0.495364742761864	0.00915328908556823	0.870810834385247
amp11_7q36.1  	-4.41000798060175	6.52186698033899	-0.676187967938674	0.500655309662342	0.00902811981888541	0.870810834385247
amp22_17q12   	-1.4078929062486	2.13249071490678	-0.660210568049365	0.510804894382936	0.00879414847580084	0.870810834385247
del9_4q13.2  	4.30918591377366	6.60927002445293	0.651991202936264	0.516068495611149	0.0086759222603312	0.870810834385247
del24_13q34   	-3.32006225236306	5.19079558420885	-0.639605663236511	0.524053769861173	0.00850051585476286	0.870810834385247
amp13_10q26.3 	4.90628474768877	7.75984997523506	0.632265412778182	0.528816432104224	0.00839812075178425	0.870810834385247
del30_16q24.2 	-5.42788517360153	8.65512818642893	-0.627129380026093	0.532162176568762	0.0083271644749473	0.870810834385247
amp3_2q14.1  	-3.19282481130877	6.01184305176668	-0.531089182438072	0.596665223637452	0.00710533515265066	0.921775423782895
del39_19q13.32	-4.09223178882162	7.94428321832842	-0.515116553168742	0.60773447578006	0.00692152240005295	0.921775423782895
amp25_19q12   	-0.703807084957046	1.39031763173512	-0.506220354897388	0.613939772489239	0.00682155009153429	0.921775423782895
amp18_13q34   	-2.67225607790967	5.28746099821086	-0.505394948315248	0.614516949188597	0.00681236174650524	0.921775423782895
del8_4p16.1  	1.93313239658423	4.51922483670914	0.427757517369267	0.669849475830678	0.00601449474402793	0.984268617547119
del6_3p12.1  	-3.53378417682588	9.2469625155526	-0.382156213013988	0.703246404700879	0.0056072557008422	0.993723263735546
del11_5q13.2  	-2.54302323975881	7.18038788424627	-0.354162376845711	0.724045611007592	0.00537983040200141	0.993723263735546
amp2_1q21.3  	1.41879542498446	5.33939142193607	0.265722310440765	0.791060821825871	0.0047744419474639	0.993723263735546
amp7_5p15.33 	1.36429429621124	5.19322821918827	0.262706401226574	0.79337731193967	0.00475683229522272	0.993723263735546
del45_xq28    	-1.66212355998492	6.80630795652397	-0.244203402285338	0.807629141651687	0.00465318169166418	0.993723263735546
del3_1q44    	1.38258343326315	5.74362153101858	0.240716319102237	0.810322491687658	0.00463449275650041	0.993723263735546
amp24_19p13.12	-0.700018219093824	3.66740872608187	-0.190875430413697	0.849053112189539	0.00439668653356529	0.993723263735546
del15_7p22.1  	1.31256115150731	7.84637080339355	0.167282579984575	0.867523006275462	0.00430323984972647	0.993723263735546
del12_6p21.33 	0.469869745284466	2.92661743318291	0.160550449798096	0.872807300834927	0.00427882998169393	0.993723263735546
del13_6q14.3  	0.908536810493905	6.23894515949746	0.145623464747218	0.884544297461219	0.00422827858052588	0.993723263735546
amp27_20q13.33	0.58375470117142	5.60918274959772	0.104071257299165	0.91734436834375	0.00411349798298333	0.993723263735546
del7_4p16.3  	-0.732146214990322	7.17297053086405	-0.1020701551526	0.918928059621254	0.00410893392060607	0.993723263735546
amp14_11q13.5 	-0.660462975823297	6.68535489413392	-0.0987925078446953	0.921522724542304	0.00410164969029969	0.993723263735546
del29_16q11.2 	-0.756758621239459	7.78875684104631	-0.0971603860132575	0.922815070266304	0.00409811109245917	0.993723263735546
del34_17q21.31	0.472967093369606	5.23844950400013	0.0902876114408364	0.928259299379058	0.0040838567359649	0.993723263735546
amp9_6p21.33 	0.220817831743961	2.82323043209715	0.0782145974460658	0.937830983101637	0.00406134691472759	0.993723263735546
amp21_15q26.3 	0.473968352994057	6.80062045400841	0.0696948691960439	0.944591148646813	0.00404740288328376	0.993723263735546
del5_2q37.3  	0.320048270734356	7.70790094817293	0.0415221047709779	0.966971647726863	0.00401273012613423	0.993723263735546
del16_8p23.1  	-0.150479708667533	6.11654493459413	-0.0246020768712816	0.980426829073701	0.00400034872647326	0.993723263735546
amp5_3q26.2  	-0.086498535893816	3.72987650831644	-0.0231907237949974	0.98154947802198	0.00399960225668217	0.993723263735546
del36_18q23   	-0.152306989876647	9.37064268474279	-0.0162536332886358	0.987068025616351	0.00399657410259757	0.993723263735546
del21_11q11   	0.0940525937094184	6.62967864513616	0.0141865991918658	0.988712512499351	0.00399587777604338	0.993723263735546
del27_15q14   	-0.0739180273460382	9.37013063507587	-0.00788868695910553	0.993723263735546	0.00399433919183012	0.993723263735546
