estimate	std_error	t_value	p_values	r_sq	FDR
amp5_3q26.2  	6.92703053490865	2.23963136988592	3.09293334074951	0.0029359853169256	0.106613405855756	0.211390942818644
amp12_8q24.3  	1.95284353355269	0.823602060785089	2.3711008344141	0.0207566161498846	0.056002741780529	0.572179866956964
amp15_12p13.32	-1.8859995906216	0.814742569167138	-2.31484110686587	0.0238408277898735	0.0524146327156896	0.572179866956964
del16_8p23.1  	-6.71912383613228	3.19482339299577	-2.10312840793112	0.0393915044795183	0.0394611988882919	0.681236560066052
amp27_20q13.33	4.9348822179609	2.43999404438222	2.02249764884584	0.0473080944490314	0.0347685396333992	0.681236560066052
del28_15q15.1 	-10.118053131994	5.25939965339608	-1.9238038176963	0.0588288847689422	0.0292156822889825	0.705946617227306
del25_14q11.2 	2.13975402484504	1.41412373427206	1.51313069216429	0.135169343074067	0.00854546097678544	0.761933041020015
amp10_6q16.3  	1.23970819236729	0.822894893915794	1.50652070092216	0.136853778134106	0.00824684288344557	0.761933041020015
del10_4q35.2  	-7.01935340337189	4.6656431875394	-1.50447711520645	0.137377889960218	0.00815474856507714	0.761933041020015
del7_4p16.3  	-4.96377907608594	3.47916190759155	-1.42671689559918	0.158521967360996	0.00473126417334335	0.761933041020015
amp17_12q12   	2.94719564121344	2.08057490139287	1.41652945983363	0.161469704780715	0.00429451442339601	0.761933041020015
del35_17q21.31	-4.11557295425484	2.9162883323924	-1.41123664232425	0.163017816323274	0.00406868905925051	0.761933041020015
del5_2q37.3  	6.08517122159981	4.33249620790031	1.40454161517868	0.16499244549998	0.00378410165349052	0.761933041020015
del39_19q13.32	-5.28322689443881	3.77029915786729	-1.4012752498471	0.165962491692242	0.00364568976961077	0.761933041020015
del30_16q24.2 	-5.9827461637966	4.40149721447439	-1.35925251619432	0.178837048984838	0.0018903932620683	0.761933041020015
del1_1p36.33 	-4.08851845492238	3.06127029443707	-1.33556271145087	0.186422741544964	0.000921780404478323	0.761933041020015
del34_17q21.31	3.4282134904616	2.58237709480157	1.32754178209012	0.189045528682485	0.000597265272504921	0.761933041020015
del43_22q11.21	-3.48362945603972	2.70012589106961	-1.29017297584585	0.201632768749119	-0.000891551083922693	0.761933041020015
del21_11q11   	3.77587714112332	2.95092266751662	1.27955814724923	0.205319906475906	-0.00130749731191071	0.761933041020015
amp18_13q34   	3.6279193312123	2.87549929348696	1.26166587466378	0.211648066950004	-0.00200160422778217	0.761933041020015
amp11_7q36.1  	4.57149339362184	3.87784681201392	1.17887415755025	0.242812536623683	-0.00509782274533688	0.787774152763925
del29_16q11.2 	-3.93646336557459	3.41046580221102	-1.15423041715374	0.252697613151325	-0.00598237106456279	0.787774152763925
del38_19p12   	-2.47250641603715	2.19906177635519	-1.12434604731077	0.265065656585493	-0.00703196996463995	0.787774152763925
amp22_17q12   	0.99456814076929	0.888157220449318	1.11981090495007	0.266979283988446	-0.00718903532968285	0.787774152763925
del27_15q14   	-5.28609905847482	5.01117534463262	-1.05486212214399	0.295454395776558	-0.00937382705198475	0.787774152763925
del44_22q13.33	-3.92989766073685	4.07737995180264	-0.963829151855081	0.338759365739606	-0.0122306423810798	0.787774152763925
del26_15q11.2 	-2.79909790653485	3.04091684738045	-0.920478279090761	0.360779529539743	-0.0135057220475345	0.787774152763925
amp2_1q21.3  	2.82048931970782	3.15523831918663	0.893906904767464	0.374721002842728	-0.0142597734350527	0.787774152763925
del22_12q24.32	3.79051382085387	4.26213558523188	0.889346137647014	0.377147794862418	-0.0143870902643166	0.787774152763925
amp3_2q14.1  	2.24932672400476	2.58045133687368	0.871679574756064	0.386641517936523	-0.0148744120264603	0.787774152763925
del40_19q13.42	-2.79513387552809	3.22968650598834	-0.865450522936352	0.39002420443114	-0.0150440150129023	0.787774152763925
del17_9p24.3  	-2.4127563141278	2.89631236393247	-0.83304423382424	0.407917875649454	-0.0159076189902714	0.787774152763925
amp1_1p36.33 	2.41369459580815	2.90240714230737	0.831618197400552	0.408716624975415	-0.0159448978995012	0.787774152763925
amp24_19p13.12	1.16248332564356	1.41556403999397	0.821215637583241	0.414572072700189	-0.0162149870845552	0.787774152763925
del37_19p13.3 	-4.49185602903339	5.59871746608116	-0.802300894132719	0.425348128605233	-0.0166977308226413	0.787774152763925
del4_2p25.3  	1.86147181472293	2.35251699596032	0.791268168484819	0.431710254489786	-0.0169743215260112	0.787774152763925
del24_13q34   	2.18485909918	2.76618819316061	0.789844705642968	0.432535200169232	-0.0170097396976137	0.787774152763925
amp8_5q21.1  	-3.98706475170472	5.07991312001917	-0.784868689189249	0.435426303670414	-0.0171330695594272	0.787774152763925
del32_17q11.1 	-2.15071947701516	2.80621824403285	-0.766412049949591	0.446248932563946	-0.017583962131249	0.787774152763925
del14_6q27    	-2.43011097935678	3.33450916111679	-0.728776219209095	0.468797044642313	-0.0184713193234076	0.787774152763925
amp25_19q12   	-0.495192204949995	0.69536757848547	-0.712130131273215	0.478972251291983	-0.0188500138498906	0.787774152763925
del13_6q14.3  	-1.90266575405717	2.70579854933818	-0.703180861162981	0.484493268930535	-0.0190501047410851	0.787774152763925
del36_18q23   	3.26789852033457	4.67499220409654	0.699016891936424	0.487074108215595	-0.0191423680872722	0.787774152763925
del11_5q13.2  	-2.95133462300855	4.25063816873561	-0.694327417637254	0.489989734331828	-0.0192456390809126	0.787774152763925
del23_13q14.2 	-2.13078290847362	3.1128374878923	-0.684514664437676	0.496121674845651	-0.0194595516460745	0.787774152763925
amp4_2q31.2  	-1.93114549677031	2.86898558553189	-0.673110909482763	0.50330015315473	-0.0197044321565589	0.787774152763925
del31_17p11.2 	-1.55866103710387	2.56521825647899	-0.60761341970304	0.545593920544881	-0.0210332839620369	0.826780185126626
amp26_19q13.12	0.733925712050225	1.22494129793064	0.599151741630467	0.551186790084418	-0.0211952820879362	0.826780185126626
del6_3p12.1  	-2.74509872867517	4.76526982245703	-0.576063650318078	0.566592489075491	-0.0216259953713025	0.832544065580314
amp13_10q26.3 	2.05894312577305	3.72091053543342	0.553343894234003	0.581955895801588	-0.0220336510611876	0.838016489954286
del18_9q34.2  	-2.16288020681576	4.41203778405903	-0.490222503222975	0.625652893887138	-0.0230816338736506	0.877724520428349
del42_21q22.3 	-1.69534449608589	3.62627509918239	-0.467516790567857	0.64171818468424	-0.0234280771107758	0.877724520428349
amp23_17q24.2 	1.63819181734163	3.55076923090353	0.461362513531971	0.646102771981979	-0.0235191882913506	0.877724520428349
del9_4q13.2  	-1.22472500409505	3.39531258373132	-0.360710530736798	0.719503723828411	-0.024839774424434	0.959338298437881
del33_17q11.2 	1.15812145125646	3.92049473064744	0.295401864005364	0.768643168602173	-0.0255249996030777	0.98071798050173
amp7_5p15.33 	-0.628427187787795	2.36962489774222	-0.26520112461114	0.791706864330394	-0.0257959952185163	0.98071798050173
del19_10q23.31	1.05306697634868	4.0501722132703	0.260005481470228	0.795694194059864	-0.0258396862219112	0.98071798050173
amp6_4p16.3  	0.838448121603547	3.3618022277412	0.24940435659325	0.803846744361678	-0.0259261624839273	0.98071798050173
del3_1q44    	-0.616082300949496	2.57933590990567	-0.238853070119133	0.811982714504144	-0.0260086718856061	0.98071798050173
del2_1p36.11 	0.675183518006178	4.42286390210858	0.152657538859445	0.879148615065415	-0.0265494775505744	0.98071798050173
amp14_11q13.5 	0.411742870903817	2.87819777536181	0.143055794993816	0.886695567155083	-0.0265950059189428	0.98071798050173
amp9_6p21.33 	0.17795417893812	1.31833763790854	0.134983765782818	0.893048343906185	-0.026630996169245	0.98071798050173
del41_19q13.43	0.319815875773182	2.79688264755522	0.114347263033269	0.90932049480809	-0.0267135159583154	0.98071798050173
del20_11p15.5 	0.348024515097428	4.1219251380984	0.0844325171946197	0.93297611323795	-0.0268089006007655	0.98071798050173
amp21_15q26.3 	-0.215755999456066	2.79196123837613	-0.0772775769557443	0.938643815502436	-0.0268274620665543	0.98071798050173
del15_7p22.1  	0.312225502309777	4.11938081822758	0.0757942797927861	0.93981920006897	-0.0268311045873177	0.98071798050173
del8_4p16.1  	-0.120526417154221	2.17459599264584	-0.0554247398421699	0.95597275045249	-0.0268739867031944	0.98071798050173
amp16_12p12.1 	-0.134008914539841	2.46199105591522	-0.0544311134753594	0.956761249886592	-0.0268757380146289	0.98071798050173
del45_xq28    	0.154751928674881	3.00372748755847	0.0515199628847384	0.959071661037392	-0.0268806867012448	0.98071798050173
amp19_14q11.2 	0.018237168021797	0.466624793742909	0.0390831526021418	0.968945754837035	-0.0268987660085873	0.98071798050173
amp20_14q11.2 	0.018237168021797	0.466624793742909	0.0390831526021418	0.968945754837035	-0.0268987660085873	0.98071798050173
del12_6p21.33 	0.0315711634676286	1.30118323911256	0.0242634261790529	0.98071798050173	-0.0269138288538286	0.98071798050173
