estimate	std_error	t_value	p_values	r_sq	FDR
amp18_13q34   	5.35337874838763e-16	8.21028700842983e-17	6.52033082752295	2.37811113095455e-09	1	1.71224001428727e-07
del42_21q22.3 	8.228696050564e-16	1.79007212396658e-16	4.59685168010449	1.17991539125912e-05	1	0.000424769540853284
del14_6q27    	7.32750066031986e-16	1.66812916337633e-16	4.39264585812338	2.64341021806229e-05	1	0.00063441845233495
amp3_2q14.1  	-6.33386112488993e-16	1.58437016375117e-16	-3.99771547697782	0.000117866794862548	1	0.00212160230752586
amp11_7q36.1  	1.04672148605574e-15	3.06234354694213e-16	3.41804069337985	0.000893174449853644	1	0.0128617120778925
del29_16q11.2 	-4.07980254665079e-16	1.2625066778397e-16	-3.23150967694826	0.00163679670471182	1	0.0177643945671329
del33_17q11.2 	8.25330092800746e-16	2.56742877580936e-16	3.2146172878372	0.00172709391624903	1	0.0177643945671329
amp16_12p12.1 	1.21754149896386e-16	3.9394776132874e-17	3.09061662098862	0.00254633244093738	1	0.0229169919684364
amp9_6p21.33 	1.56122256930768e-16	5.19960875110056e-17	3.00257700923598	0.00333286295888306	1	0.0266629036710644
del16_8p23.1  	-1.28235750801169e-15	4.51802255848302e-16	-2.83831585923346	0.00542750284032156	1	0.0390780204503153
del34_17q21.31	-5.56388554156556e-16	1.99078564145568e-16	-2.79481900296266	0.00615577304220403	1	0.0402923326398809
del45_xq28    	-6.71371641144193e-16	2.69517350784528e-16	-2.49101454577942	0.0142742283073463	1	0.0856453698440776
del22_12q24.32	1.68480608270617e-15	8.26677906100523e-16	2.03804416481078	0.0440121710900251	1	0.243759716806293
del15_7p22.1  	-1.61486615164381e-15	8.40081972438114e-16	-1.92227211703769	0.0572307570795886	1	0.294329607837884
del23_13q14.2 	6.70358092185749e-16	3.63336973412922e-16	1.84500378777556	0.0678025900786401	1	0.325452432377473
del8_4p16.1  	1.16335231519814e-16	6.63487549166012e-17	1.75338982119627	0.0823988175149201	1	0.339837716605429
amp26_19q13.12	-2.91539170119588e-16	1.66484048727196e-16	-1.75115377328016	0.0827851037309054	1	0.339837716605429
amp10_6q16.3  	2.28288370685618e-16	1.31296418522069e-16	1.7387250410585	0.0849594291513572	1	0.339837716605429
del4_2p25.3  	-5.40194341668006e-16	3.39852234647031e-16	-1.58949768927972	0.114898558767528	1	0.38356836381809
del9_4q13.2  	1.36849144921007e-15	8.61167877010018e-16	1.58911111961292	0.114985850026187	1	0.38356836381809
amp25_19q12   	-2.8954554658613e-16	1.84291267960612e-16	-1.57113003665487	0.119104936411833	1	0.38356836381809
del26_15q11.2 	-1.9590689642497e-15	1.25445877098473e-15	-1.5616846161567	0.121315196793478	1	0.38356836381809
amp8_5q21.1  	2.64491545280009e-16	1.69920956326903e-16	1.55655636007113	0.122528782886334	1	0.38356836381809
del32_17q11.1 	-1.43661598747667e-15	9.61427150285586e-16	-1.49425360730652	0.138052592776265	1	0.414157778328796
amp27_20q13.33	5.46231122650848e-16	4.09990427675336e-16	1.33230213629133	0.185591504220948	1	0.534503532156332
del6_3p12.1  	-1.45382328772489e-15	1.25481972276054e-15	-1.15859135886591	0.249202087631431	1	0.629955130487267
amp23_17q24.2 	3.58509164850638e-16	3.14820155624546e-16	1.13877449853686	0.257340387019531	1	0.629955130487267
amp7_5p15.33 	-2.57955364508596e-16	2.27012280534269e-16	-1.13630577121864	0.258367186648946	1	0.629955130487267
amp13_10q26.3 	1.09280660612203e-15	9.69433314880653e-16	1.12726330872647	0.262152731581404	1	0.629955130487267
del21_11q11   	3.55076692684589e-16	3.1700374419851e-16	1.12010251986878	0.265177975074637	1	0.629955130487267
del13_6q14.3  	6.54013565031736e-16	5.91361695876418e-16	1.10594509179778	0.271230681182018	1	0.629955130487267
del36_18q23   	-9.71495055621652e-16	9.10248351892759e-16	-1.06728570680907	0.28824497963977	1	0.648551204189482
del2_1p36.11 	-4.19099221159766e-16	4.34868767582881e-16	-0.96373722925478	0.337350704559964	1	0.720796989633653
amp21_15q26.3 	-6.53001548217085e-16	6.81848309902149e-16	-0.957693285638261	0.340376356215892	1	0.720796989633653
amp17_12q12   	-3.08031974456368e-16	3.34062507600667e-16	-0.92207885484888	0.358561905418871	1	0.737613062575964
del19_10q23.31	-8.22788396414104e-16	9.15175706013457e-16	-0.899049648070538	0.370644994963019	1	0.741289989926038
amp19_14q11.2 	-1.31558893614405e-16	1.59033211091042e-16	-0.827241635327932	0.409941204375053	1	0.776730703026417
amp20_14q11.2 	-1.31558893614405e-16	1.59033211091042e-16	-0.827241635327932	0.409941204375053	1	0.776730703026417
amp15_12p13.32	-1.08611207317048e-16	1.41484491544801e-16	-0.767654504964991	0.444383195142133	1	0.820399744877783
del10_4q35.2  	4.64386118486441e-16	6.34487442882292e-16	0.7319075006069	0.46582507338756	1	0.838485132097609
amp22_17q12   	-2.92398071572651e-17	4.40222918893096e-17	-0.664204563242327	0.507988185933625	1	0.892011324515356
del25_14q11.2 	-3.35716357448185e-16	5.20530712647942e-16	-0.644950142788683	0.520339939300624	1	0.892011324515356
del3_1q44    	-2.93853027084219e-16	5.704527027396e-16	-0.51512250826929	0.607529980666672	1	1
del39_19q13.32	2.05217477202581e-16	5.69267865489552e-16	0.360493696629267	0.719188638308286	1	1
amp4_2q31.2  	7.26818561444397e-17	2.1391923280606e-16	0.339763074086627	0.734700981314983	1	1
del31_17p11.2 	-2.97637541800322e-16	8.82168422474574e-16	-0.337393103422833	0.736481540263207	1	1
del38_19p12   	1.3656320986259e-16	4.11957881199162e-16	0.331497990680675	0.740916748157669	1	1
del12_6p21.33 	-1.60421937533271e-16	4.85605002886569e-16	-0.330354787491231	0.741777857927118	1	1
amp6_4p16.3  	-2.75388206455136e-16	8.56568711795396e-16	-0.321501594282978	0.748457491364152	1	1
del30_16q24.2 	-1.06686307961747e-16	3.36631959807409e-16	-0.316922695108281	0.751919781228278	1	1
del28_15q15.1 	-2.73084785145011e-16	8.62353320527212e-16	-0.316673895310169	0.75210805459052	1	1
del40_19q13.42	8.0923098101728e-17	2.82000289413632e-16	0.286961046281168	0.774697102420313	1	1
del43_22q11.21	-1.44411963221663e-16	6.10199192852092e-16	-0.236663641829279	0.813370222585631	1	1
del1_1p36.33 	-1.83880880916438e-16	1.09848103752492e-15	-0.167395589577727	0.867374756675765	1	1
del17_9p24.3  	1.02250300427449e-16	7.22433727506892e-16	0.141535889776787	0.887712747085577	1	1
del41_19q13.43	7.88172320938745e-17	5.91752205998279e-16	0.1331929670814	0.894290946972183	1	1
del44_22q13.33	-1.14222583271238e-16	2.05860439491586e-15	-0.0554854461368748	0.955855197434375	1	1
del7_4p16.3  	4.46468300363519e-18	1.6191156276616e-16	0.027574824968389	0.978052624956945	1	1
amp1_1p36.33 	0	8.13933631289216e-16	0	1	1	1
amp2_1q21.3  	0	1.30626919032842e-16	0	1	1	1
amp5_3q26.2  	0	7.85472069244862e-17	0	1	1	1
amp12_8q24.3  	0	1.33397431587541e-16	0	1	1	1
amp14_11q13.5 	0	1.60988058448753e-16	0	1	1	1
amp24_19p13.12	0	2.64411709620411e-16	0	1	1	1
del5_2q37.3  	0	1.15993250839486e-16	0	1	1	1
del11_5q13.2  	0	2.25288931557934e-16	0	1	1	1
del18_9q34.2  	0	3.20396040910703e-16	0	1	1	1
del20_11p15.5 	0	1.98734231451007e-16	0	1	1	1
del24_13q34   	0	2.13921078679376e-16	0	1	1	1
del27_15q14   	0	1.56772863326846e-16	0	1	1	1
del35_17q21.31	0	1.75191072473902e-16	0	1	1	1
del37_19p13.3 	0	2.50572002567744e-16	0	1	1	1
