estimate	std_error	t_value	p_values	r_sq	FDR
amp8_3q26.2  	8.08964134500861	2.13172578653016	3.7948789643232	0.000330385796799269	0.161707115351176	0.0313866506959305
amp32_20q13.33	7.07011555193039	2.5373052619765	2.78646627896201	0.00700431370272104	0.0841824804024122	0.332704900879249
del10_3q29    	5.40908040862281	2.15204206082882	2.51346407539061	0.0144829996643047	0.065338101395692	0.458628322702982
amp15_8q24.3  	3.89270025179044	1.6682574068411	2.33339305782637	0.0227815374153045	0.0535913081340244	0.541061513613482
del63_22q13.33	-8.57590485945535	3.97155801254694	-2.15933012494401	0.03457862207702	0.0428124251068288	0.625040891002725
del46_16q24.3 	-8.00186543239744	3.89753709907773	-2.05305689952019	0.0441594800677763	0.0365308432195467	0.625040891002725
amp14_8p11.1  	5.1208338456143	2.51707654743655	2.03443707376698	0.0460556446002008	0.0354546872531858	0.625040891002725
del11_4p16.3  	-7.1462178768992	3.64062994697463	-1.96290696417462	0.0540063212515874	0.0313901231670425	0.632740113434233
del23_8p23.1  	-6.75323327416598	3.52620963918366	-1.91515365369184	0.0599438002200852	0.0287392751609256	0.632740113434233
del45_16q22.1 	-6.72127666878159	3.76963535810823	-1.78300446336927	0.0793277557766346	0.0216736336866648	0.633067188212946
amp26_17p11.2 	-4.66136920569963	2.659414605837	-1.75278017781382	0.0844286918337304	0.0201148609298397	0.633067188212946
del47_17p11.2 	-4.66136920569963	2.659414605837	-1.75278017781382	0.0844286918337304	0.0201148609298397	0.633067188212946
del62_22q11.21	-4.51025293444705	2.59179945557073	-1.74020135884852	0.0866302468080874	0.0194725384549286	0.633067188212946
del61_21q22.3 	-5.6224459477854	3.35770710644377	-1.67448969476682	0.0989148641969529	0.0161790835298091	0.671208007050752
del52_17q21.31	-4.03190601067446	2.5301820956561	-1.59352404619279	0.115969912755681	0.0122668715944747	0.704147850913533
amp4_2p25.1  	4.2339706756268	2.67644409694291	1.58193876736037	0.118593322259121	0.0117204662070515	0.704147850913533
del35_12p13.31	-3.63407879173671	2.47102407059462	-1.47067721232769	0.14627812821628	0.00664725872913274	0.724005920538017
amp27_17q25.3 	4.011568447917	2.74500691411671	1.46140558964961	0.148796874826503	0.00623893983326518	0.724005920538017
amp24_15q13.2 	-2.74337647403822	1.90123827832637	-1.4429419527852	0.153913560243894	0.00543251462474403	0.724005920538017
del19_6p22.1  	3.51734882012081	2.56290720860945	1.3724058398623	0.174727930978948	0.00243472477375739	0.724005920538017
del49_17p11.2 	-4.64268329410206	3.39028220875583	-1.36940909583036	0.175657715258185	0.00231030006652011	0.724005920538017
del28_9q33.3  	-5.31674603195818	4.02592907059692	-1.32062585771534	0.191329260655437	0.000318858515419795	0.724005920538017
amp5_2q11.2  	3.38325251638723	2.58239008732138	1.31012449784322	0.194836588217702	-0.000101396341450011	0.724005920538017
amp12_6p21.33 	1.90767723006085	1.46292621253761	1.30401466164979	0.196899293839647	-0.000344523755638315	0.724005920538017
del36_12q24.33	5.57697358269922	4.302644473559	1.29617346191891	0.19957043952414	-0.000655053572716113	0.724005920538017
amp21_13q33.1 	2.84754254789092	2.19799680002525	1.29551714900505	0.199795238991832	-0.000680968868336462	0.724005920538017
del15_4q35.2  	-5.7785002347448	4.52055665410299	-1.27827183174445	0.205770103731857	-0.00135769201766744	0.724005920538017
del54_19p13.3 	-6.17117472406019	5.10984739254486	-1.20770235390274	0.231605901504874	-0.00404140711522216	0.738750443623233
amp28_19p13.11	2.19560538830025	1.81919411672446	1.20691099873033	0.231908428424534	-0.00407071719477492	0.738750443623233
del24_8p23.1  	-3.02519202413573	2.51435523980502	-1.20316810299658	0.233343190112989	-0.00420910872536928	0.738750443623233
amp22_14q11.2 	2.38472680703414	2.04288071178358	1.16733531883617	0.247405806615951	-0.00551412371626592	0.738750443623233
amp30_19q13.2 	-1.82847852509604	1.57118401347071	-1.16375835638563	0.248842254694142	-0.00564241226503182	0.738750443623233
del56_19q13.42	-3.23052995872992	2.88628183155222	-1.11927044802571	0.267207979630152	-0.00720771387368591	0.769235092874679
del1_1p36.21 	2.90113096624237	2.64679082803653	1.09609378100895	0.277145188311504	-0.00800086893286656	0.774376261458613
amp6_2q14.1  	2.4345702528804	2.31894936560896	1.04985916854682	0.297731166296704	-0.00953708615834081	0.79048028798963
del6_2p25.3  	2.70610237241831	2.58739198574569	1.0458803255659	0.299550424922386	-0.00966640931979557	0.79048028798963
del7_2q37.3  	4.25560770685858	4.24065088875547	1.00352701000282	0.319385862158761	-0.0110145432524065	0.820044781218441
del32_11p15.5 	-4.04119744643508	4.15973034603104	-0.971504667433779	0.334954510932768	-0.0119991135471889	0.829131965040088
del22_7q22.1  	-2.75944317784163	2.946475509584	-0.936523371351972	0.352524400743313	-0.0130402544594206	0.829131965040088
amp20_12q13.2 	2.3571476692532	2.58997912839337	0.91010295929118	0.366183147550545	-0.0138026507326243	0.829131965040088
del39_14q11.2 	1.9836437863251	2.19032936996041	0.905637213074012	0.368524801965587	-0.0139294716642737	0.829131965040088
del9_3p12.1  	-4.13198455820023	4.64169372491716	-0.89018897046551	0.376698576446536	-0.0143636086797201	0.829131965040088
del42_15q11.2 	-2.7042256683023	3.05259809570246	-0.885876746142698	0.379000491206887	-0.0144835257649614	0.829131965040088
del51_17q21.31	2.53164816371597	2.88825446427646	0.876532242926932	0.384019015386988	-0.0147414816016918	0.829131965040088
amp2_1p34.2  	-3.59953375087807	4.30700628254138	-0.835739145649478	0.406411007814139	-0.0158370027160093	0.850694727049413
del59_21p11.2 	3.13887699814252	3.89078881348521	0.806745662284055	0.422800926912265	-0.0165852611543404	0.850694727049413
del60_21q11.2 	-3.52534399577211	4.45545714909823	-0.79124181375768	0.431725519476154	-0.0169749778333579	0.850694727049413
del30_10q11.22	3.21796116428675	4.08119988165756	0.788484087424749	0.433324597755223	-0.017043536876175	0.850694727049413
amp23_14q32.33	1.70926671686235	2.24159412161801	0.762522840499144	0.448549334930993	-0.0176776563610794	0.850694727049413
del20_6q27    	-2.49649791705588	3.30953313895578	-0.754335373672548	0.453414543580557	-0.0178733968068978	0.850694727049413
del41_15q11.2 	-1.95257288513909	2.60741500772223	-0.748853895277994	0.456688748205474	-0.0180033049436843	0.850694727049413
del5_1q44    	-1.97640577204265	2.72611844364017	-0.72498895880825	0.47110125883423	-0.0185582225938106	0.860665761331766
del18_6p25.3  	1.65164009280805	2.35479096857222	0.701395629103117	0.485598830542556	-0.0190897261634806	0.861677136928238
del44_16p13.11	1.85389494453709	2.66885923001746	0.694639463815016	0.489795425201314	-0.0192387881814946	0.861677136928238
del55_19p12   	-1.59821358272871	2.41456462882348	-0.661905489565403	0.510408123251733	-0.0199411582819853	0.877262911423915
del17_5q35.3  	-2.07795356173814	3.24753230400288	-0.639856163763751	0.524550127518038	-0.0203956778083765	0.877262911423915
amp17_10q26.13	0.974325810537316	1.55192207828771	0.627818770135885	0.532356504612675	-0.0206374812720733	0.877262911423915
del57_19q13.42	-1.93010371843279	3.09879406595776	-0.622856400699942	0.53559209329039	-0.0207358598488923	0.877262911423915
del50_17q12   	2.29963674612825	3.83532436313405	0.599593809648239	0.550893885786226	-0.021186873711297	0.88596242982902
del48_17p11.2 	-1.59380088595039	2.71714916793252	-0.586570993142462	0.559555218839381	-0.021432032055851	0.88596242982902
del43_15q14   	-2.65937630547934	4.76925525854131	-0.557608297588316	0.579057105857482	-0.0219583616202912	0.892850822047256
amp25_15q26.3 	-1.4253866225741	2.58106717729447	-0.552247006630884	0.582702641757156	-0.0220529252981396	0.892850822047256
del27_9p24.3  	-1.50566670563056	2.8681895927774	-0.524953688355224	0.601429222335786	-0.0225204239582035	0.9001389849293
del21_7p22.1  	1.83931582769101	3.55243402865876	0.517762135159327	0.606409421426055	-0.0226397307982718	0.9001389849293
amp3_1q21.2  	1.42515266477025	2.91129884134712	0.489524690674078	0.626143979299968	-0.0230925221724674	0.9066628790974
amp9_4p16.3  	1.55984227137903	3.27197564381863	0.476727959245621	0.635179591527995	-0.023289485423551	0.9066628790974
del29_9q34.13 	-1.95560323172699	4.34415364009646	-0.450168984281956	0.654109811188166	-0.0236818486550976	0.9066628790974
del26_8q21.2  	-1.16501102192965	2.73179067005781	-0.426464236333671	0.671200664638629	-0.024013289395697	0.9066628790974
del38_13q14.2 	-1.30391054814866	3.17632939011502	-0.410508605375288	0.682804009283151	-0.0242264019023253	0.9066628790974
amp10_5p15.33 	-0.937159840440753	2.3042991878731	-0.406700590519134	0.685584805369953	-0.0242760756473064	0.9066628790974
del14_4q13.2  	-1.45704566693353	3.59653970046995	-0.405124310665371	0.686737160572028	-0.0242965033929292	0.9066628790974
del4_1q31.3  	-1.25383584163294	3.13071151016211	-0.400495490422245	0.690125407212476	-0.0243560365751914	0.9066628790974
amp16_9p24.2  	0.830232364388654	2.17230679311878	0.382189277784603	0.703587168360466	-0.0245848419758372	0.9066628790974
amp13_7q34    	-0.680354012259827	1.90621605188982	-0.35691337903976	0.722330791724877	-0.0248833223302307	0.9066628790974
amp7_2q31.2  	-0.980846656757846	2.78966335293492	-0.351600366304389	0.726292968434737	-0.024943487550656	0.9066628790974
amp1_1p36.33 	1.00789993453735	2.9939428311523	0.336646352779364	0.73748490944534	-0.0251080207336807	0.9066628790974
del13_4q13.2  	1.09981445634261	3.65845824746547	0.300622388434949	0.764676878458698	-0.0254752108200378	0.9066628790974
amp18_11q14.1 	-0.820779914322124	2.74648935430955	-0.298846930913542	0.766025078311792	-0.0254922409052523	0.9066628790974
del16_5q13.2  	-1.32868051395587	4.56788156623345	-0.290874554142932	0.77208781968352	-0.0255674747769572	0.9066628790974
del3_1p11.2  	1.02575060302176	3.54828031456517	0.289083869391943	0.773451555203597	-0.0255840948734483	0.9066628790974
del40_14q32.33	-0.919333413749214	3.35216701070749	-0.274250480603347	0.784775410665934	-0.025717843037693	0.9066628790974
del8_3p26.3  	-0.995253386299253	3.72041462687009	-0.267511416365046	0.789935643535165	-0.0257762911715527	0.9066628790974
del12_4p16.1  	0.705510541370756	2.66592314794471	0.264640239878884	0.792137041737728	-0.0258007532303783	0.9066628790974
del34_11q11   	0.8061069883811	3.66239873725019	0.220103556770649	0.826491084834979	-0.0261465210323695	0.919887625623535
del53_18q23   	0.878399617586231	4.25077642001188	0.206644511682827	0.836943519434769	-0.0262385502103213	0.919887625623535
del25_8p23.1  	-0.50964256160943	2.48575957854037	-0.20502488092943	0.838203369604906	-0.0262492345526115	0.919887625623535
amp11_5q31.3  	-0.359655915213039	1.88870198620152	-0.190424915016034	0.84957891791776	-0.0263417618918076	0.919887625623535
amp29_19q12   	-0.206317557221171	1.10220218649673	-0.187186670239639	0.852106432156537	-0.0263613606839588	0.919887625623535
del31_10q23.31	0.604445454496339	4.00260823166021	0.15101289447097	0.880440524958717	-0.0265574854702086	0.922976336367888
del37_13q11   	-0.565307536061489	3.92964714442875	-0.143857072985027	0.886065351860708	-0.0265913194379039	0.922976336367888
amp31_20p13   	-0.389947757924809	2.79975643212429	-0.139279172091745	0.889666909801324	-0.0266121043337049	0.922976336367888
amp19_12p13.33	0.295904933424395	2.20838488180517	0.133991559108355	0.893829715219428	-0.0266352760056543	0.922976336367888
del33_11p14.2 	-0.28845275426949	4.00418641244108	-0.0720377935885458	0.942796484459904	-0.0268400136967741	0.963071677674096
del2_1p36.11 	0.101267435698273	2.91592840805577	0.0347290541902551	0.972403883716026	-0.0269039226377954	0.982748605883217
del58_20p13   	-0.0556767015548744	3.03696515033449	-0.0183330064056685	0.985430231520704	-0.0269178821693485	0.985430231520704
