estimate	std_error	t_value	p_values	r_sq	FDR
del39_14q11.2 	22.5187463140881	4.1496211535641	5.42669932524969	4.807808389241e-07	0.249549830881558	4.56741796977895e-05
amp22_14q11.2 	15.2562849805139	3.75994303459232	4.05758407511834	0.000105415383087443	0.158019789638993	0.00500723069665352
amp15_8q24.3  	7.08449481701218	3.10339574731169	2.28282030197054	0.0247964857171749	0.0585088000768097	0.724485649205748
del60_21q11.2 	-18.413993512294	8.37707461903745	-2.19814127839413	0.0305046589139262	0.0547416821290627	0.724485649205748
del63_22q13.33	-18.041394367563	8.75481909498058	-2.0607386825282	0.0422140987954465	0.0488725356220415	0.802067877113483
del17_5q35.3  	-11.8979773434261	6.39667655008146	-1.86002485044747	0.0661482670352791	0.0408638300518164	0.818913791359885
del1_1p36.21 	9.64452826928504	5.23250340597052	1.84319579386804	0.0685919022759266	0.0402238226776956	0.818913791359885
amp2_1p34.2  	-10.9233551244918	6.10258114286458	-1.78995655588519	0.0768239946660695	0.0382319979760571	0.818913791359885
del37_13q11   	-11.0999378969217	6.84227255292067	-1.62225895140404	0.108245979808667	0.0322908018689448	0.818913791359885
amp1_1p36.33 	8.42417690619023	5.50242070743102	1.53099469381056	0.1292782410343	0.0292750467199381	0.818913791359885
del32_11p15.5 	-13.8137900150639	9.09815525779065	-1.51830669225339	0.132442196086557	0.0288681695325458	0.818913791359885
del38_13q14.2 	-9.02210008570368	6.29966845764741	-1.4321547469298	0.1555635559128	0.0261865053435039	0.818913791359885
del41_15q11.2 	-7.16341025972339	5.34377774394053	-1.34051425844688	0.183452244570077	0.0234910457547726	0.818913791359885
amp5_2q11.2  	-7.56817299688164	5.67621275263318	-1.33331383559765	0.185793830754048	0.0232861983710231	0.818913791359885
del48_17p11.2 	-7.52204904893731	5.79274517354287	-1.29852925056891	0.197422965214547	0.0223109611380194	0.818913791359885
del54_19p13.3 	13.9111526550669	10.7153253208635	1.29824827884421	0.197519056287473	0.0223031808138251	0.818913791359885
del33_11p14.2 	-7.19302409994445	5.55284608401326	-1.29537609923194	0.198503325639871	0.0222237374270994	0.818913791359885
del12_4p16.1  	7.10452326668953	5.57810343888109	1.273644948419	0.2060687978311	0.0216279527938327	0.818913791359885
del4_1q31.3  	7.45546013230665	5.86914996840414	1.2702793713642	0.207259285924733	0.0215365187839762	0.818913791359885
amp30_19q13.2 	-4.32429580897855	3.41440780682977	-1.26648486461657	0.208607573440661	0.0214337016023074	0.818913791359885
del61_21q22.3 	-9.44547040555829	7.60252275199455	-1.24241264560244	0.217311859648764	0.0207881048079339	0.818913791359885
del31_10q23.31	9.54585430343625	8.10262044142749	1.17811939636586	0.24185472679936	0.0191206123320732	0.818913791359885
del6_2p25.3  	6.0677384529619	5.3373793173749	1.1368385292028	0.258623624238968	0.0180938429991604	0.818913791359885
del16_5q13.2  	-8.81754780598567	7.91204886196248	-1.11444557027149	0.268055326329373	0.0175513214074959	0.818913791359885
amp11_5q31.3  	-4.6065561235743	4.15693392364185	-1.10816197904309	0.27074456702704	0.0174009198548947	0.818913791359885
del3_1p11.2  	7.78480432354555	7.13139515180301	1.09162431162959	0.277911981021863	0.017008928892196	0.818913791359885
amp21_13q33.1 	-4.86243827633677	4.48671557324609	-1.08374114582415	0.281374369157694	0.0168240407339356	0.818913791359885
del8_3p26.3  	7.75039313730446	7.32466381701842	1.05812271128361	0.292831265365263	0.0162319833750862	0.818913791359885
del30_10q11.22	8.16115622865808	7.90238733830078	1.03274566017577	0.304490157266068	0.0156587894252074	0.818913791359885
del62_22q11.21	-5.29365958881637	5.16270134692668	-1.02536622459629	0.307938494658383	0.0154945976943048	0.818913791359885
amp27_17q25.3 	-6.22309106195667	6.08218453687968	-1.02316709139991	0.308971189987908	0.0154458843837904	0.818913791359885
del2_1p36.11 	5.37114087809704	5.29530800742068	1.0143207667184	0.313148844614496	0.0152509365309351	0.818913791359885
amp26_17p11.2 	-5.22746561354535	5.15780362081539	-1.01350613514032	0.313535444880486	0.0152330656262316	0.818913791359885
del47_17p11.2 	-5.22746561354535	5.15780362081539	-1.01350613514032	0.313535444880486	0.0152330656262316	0.818913791359885
del56_19q13.42	-5.2779105129279	5.23679262546055	-1.00785173108965	0.316227657717399	0.0151094006035799	0.818913791359885
amp17_10q26.13	-3.51924772270125	3.61277405049972	-0.974112322970893	0.332611707571222	0.0143852584997464	0.818913791359885
amp4_2p25.1  	5.30270857838236	5.57661632463817	0.950882805932755	0.344210489236355	0.0139004243956415	0.818913791359885
del20_6q27    	-6.48060923500512	6.8332298932635	-0.948396195683975	0.345467457535654	0.0138491906654435	0.818913791359885
amp13_7q34    	-3.45894548381688	3.65437148992834	-0.946522676566939	0.3464164741283	0.0138106740811201	0.818913791359885
amp16_9p24.2  	-4.07938643579436	4.38658580844218	-0.929968457004398	0.354875130136313	0.0134735268069101	0.818913791359885
amp7_2q31.2  	-4.58044894308601	5.12363856926429	-0.893983617533685	0.373715103283839	0.0127604116255701	0.818913791359885
del59_21p11.2 	-8.50522192173782	9.88837864037328	-0.860123002067481	0.392006687823471	0.0121141988727671	0.818913791359885
del55_19p12   	-4.72015392105731	5.51025661549887	-0.856612359537084	0.393934248842409	0.0120485801641195	0.818913791359885
amp25_15q26.3 	5.27416875700247	6.17117833994589	0.854645331323987	0.395016815135825	0.0120119272358473	0.818913791359885
del36_12q24.33	6.73875384473298	7.92988256966631	0.849792387911306	0.397695474135735	0.0119218479891732	0.818913791359885
del23_8p23.1  	6.09664008335401	7.18206660609255	0.84886988909045	0.398205918427024	0.011904780943923	0.818913791359885
amp24_15q13.2 	-3.46257989626044	4.23161524291371	-0.818264350015966	0.415367486548362	0.0113487385419745	0.818913791359885
del27_9p24.3  	-3.64134264058877	4.46030609912232	-0.816388507798892	0.416433593168645	0.0113153022457152	0.818913791359885
del42_15q11.2 	-4.90089097576017	6.08076916457441	-0.805965634135888	0.422387113438257	0.0111308749709335	0.818913791359885
del13_4q13.2  	6.44268572761769	8.20223302269219	0.785479479770137	0.434235479427704	0.0107750951201927	0.825047410912637
del14_4q13.2  	5.71033353653842	7.48981423906774	0.762413239403543	0.447806972454209	0.0103851762188488	0.834150242806859
del45_16q22.1 	-5.45524907710439	7.9123835112757	-0.689457111037436	0.492309469374357	0.00922659754500443	0.880483347178063
del26_8q21.2  	-3.49735538851697	5.2763143010431	-0.662840609746383	0.509126685045401	0.00883228540017877	0.880483347178063
del9_3p12.1  	6.03376857539441	9.13639274532276	0.660410376785007	0.510677294877711	0.00879704058364428	0.880483347178063
amp29_19q12   	-1.60313006692843	2.51011027502378	-0.638669178354421	0.524660154074394	0.00848738747498856	0.880483347178063
del15_4q35.2  	5.66044023739735	8.90974852902442	0.635308641872202	0.526839142340837	0.00844043235901726	0.880483347178063
del52_17q21.31	3.39142091068711	5.3588982391593	0.63285786729534	0.528431193344335	0.00840634231361981	0.880483347178063
amp23_14q32.33	3.20474459234469	5.17829082222968	0.618880766330691	0.537558254066607	0.00821439692523007	0.880483347178063
amp28_19p13.11	-2.41779460840086	4.04902910420755	-0.597129471331387	0.551920254476561	0.00792407459312339	0.888685155513107
del5_1q44    	3.66877857909174	6.44691751185667	0.569074844271608	0.570722831068837	0.00756472129729024	0.903644482525659
amp9_4p16.3  	-2.98014527721311	5.47556668223136	-0.544262438969817	0.587606800361199	0.0072611027936017	0.904939068116001
del57_19q13.42	-2.85715175121422	5.52387248120294	-0.517237094255299	0.60625955895843	0.00694560632020258	0.904939068116001
del40_14q32.33	3.08108981848297	6.20990024165287	0.496157699574073	0.620992715768619	0.00671054506552049	0.904939068116001
amp18_11q14.1 	-3.10619408718343	6.44806873816204	-0.481724716859768	0.631170840011025	0.00655517845644671	0.904939068116001
del50_17q12   	-3.25218718929339	6.81766179647609	-0.477023836966272	0.634501436698803	0.0065055548351215	0.904939068116001
amp6_2q14.1  	-2.69013523423447	5.66575281093377	-0.474806318596013	0.636075180618581	0.00648231339067973	0.904939068116001
del58_20p13   	2.99294792548683	6.34384558206082	0.471787638392447	0.638220184881811	0.00645084741679303	0.904939068116001
amp31_20p13   	2.45879845532871	5.48612752347165	0.448184706755189	0.655096986013554	0.00621167044992188	0.91520902457776
amp19_12p13.33	-1.92961666674741	4.53463157161344	-0.425528874016294	0.671466994474601	0.00599353432126126	0.924483543117204
amp12_6p21.33 	-1.2887999067406	3.28530923438148	-0.392291810236013	0.695770091193172	0.00569383520250744	0.936324352045617
del46_16q24.3 	-2.67365994642322	6.986501592639	-0.382689377647919	0.702852391229502	0.00561175395938796	0.936324352045617
del51_17q21.31	-2.30236565568276	6.26794818580062	-0.367323657987239	0.714239942159903	0.00548461326190042	0.936324352045617
del44_16p13.11	2.46380235796241	7.34577397935622	0.335404052028611	0.738100876386612	0.00523705861184387	0.936324352045617
del19_6p22.1  	1.83197731721778	5.46857968304622	0.335000571153293	0.738404197164763	0.00523407257035469	0.936324352045617
del34_11q11   	2.03553311413679	6.09554790742106	0.333937677966343	0.739203435825487	0.00522622353535673	0.936324352045617
del11_4p16.3  	-2.20476041146638	7.3781009650769	-0.298824917401141	0.765762536916511	0.00498089000568802	0.957007757228021
del29_9q34.13 	2.12157025656713	7.42299321454576	0.285810615104672	0.775679971647975	0.00489684711052329	0.957007757228021
amp14_8p11.1  	-1.0714867569907	4.95795926444561	-0.216114473685679	0.829387588387072	0.00451025951579098	0.972424744769764
del49_17p11.2 	-1.79045866746315	8.39310485278306	-0.213324949332601	0.831556009418962	0.00449701589289009	0.972424744769764
del22_7q22.1  	1.20489138933574	5.7578316733622	0.209261308368913	0.834717187601659	0.00447803050398565	0.972424744769764
del25_8p23.1  	-1.01682504400456	5.01042619127916	-0.202941826740084	0.839638605368203	0.00444922984724716	0.972424744769764
del35_12p13.31	-0.885338528499246	4.4881144247348	-0.197262913712714	0.844066618778913	0.00442410053416975	0.972424744769764
del43_15q14   	1.51581360013894	8.42322517719232	0.179956438092541	0.857591332243087	0.00435191033790761	0.972424744769764
amp20_12q13.2 	-1.03343841717956	5.96823922106771	-0.173156332864734	0.86291738610297	0.00432535524934097	0.972424744769764
del21_7p22.1  	1.12273952870246	7.03408744661822	0.15961409880428	0.873542739834076	0.00427551421298789	0.972424744769764
amp32_20q13.33	0.665396601286158	5.10874875978167	0.130246491376608	0.896662087269313	0.00418135288756183	0.972424744769764
del18_6p25.3  	-0.619890533551594	5.0778418747988	-0.122077557520665	0.90310976757591	0.0041585499991833	0.972424744769764
del7_2q37.3  	-0.77644459281986	7.46862407777774	-0.103960861429631	0.917431728054127	0.00411324388664702	0.972424744769764
del53_18q23   	0.769811061130285	7.73321456503447	0.0995460625922583	0.92092611615061	0.00410330335203535	0.972424744769764
amp3_1q21.2  	0.514477971560095	5.18920331762621	0.0991439225001193	0.921244495045039	0.00410241930025523	0.972424744769764
del28_9q33.3  	0.580630602522189	7.88681549819612	0.0736204115152677	0.941475806664826	0.00405362821027466	0.982859358606137
amp8_3q26.2  	-0.176843278010433	4.29745313963527	-0.0411507170094338	0.967266895166464	0.00401239034954215	0.995326898160665
del24_8p23.1  	0.135622185701242	4.99742287079118	0.0271384249857908	0.97840941284025	0.00400180101404291	0.995326898160665
amp10_5p15.33 	-0.0953376924531646	5.00671268647917	-0.019041973930445	0.984849772916868	0.00399766324097128	0.995326898160665
del10_3q29    	0.017070376424568	4.70207584986047	0.00363039154825088	0.99711140792341	0.00399379635068464	0.99711140792341
