estimate	p_values	FDR
del34_11p15.5 	0	0.0957649100499994	0.734322899277818
amp23_11q13.1 	1	0.1097957518518	0.734322899277818
del52_17q25.1 	50	0.1097957518518	0.734322899277818
amp29_14q11.2 	2	0.125403489071061	0.734322899277818
amp42_21q11.2 	49	0.125403489071061	0.734322899277818
del10_3p21.1  	2	0.125403489071061	0.734322899277818
del48_16q24.3 	49	0.125403489071061	0.734322899277818
del57_19p13.12	2	0.125403489071061	0.734322899277818
del19_6p21.33 	3	0.142679941120599	0.734322899277818
amp19_9p22.3  	3	0.142688466559439	0.734322899277818
del36_11q25   	3	0.142688466559439	0.734322899277818
del64_21p11.2 	47.5	0.151254900886579	0.734322899277818
del25_7q35    	4	0.16171034746463	0.734322899277818
amp22_10q25.1 	47	0.161746160564556	0.734322899277818
del45_16q11.2 	47	0.161746160564556	0.734322899277818
del67_22q11.21	47	0.161746160564556	0.734322899277818
del32_10q11.22	46	0.182478506879105	0.734322899277818
del22_7p22.1  	46	0.182627977066787	0.734322899277818
amp24_11q14.2 	5	0.182665334852471	0.734322899277818
amp28_13q33.1 	5	0.182665334852471	0.734322899277818
amp33_16p13.13	46	0.182665334852471	0.734322899277818
amp41_20q13.2 	46	0.182665334852471	0.734322899277818
del63_20q13.33	5	0.182665334852471	0.734322899277818
del68_22q13.2 	46	0.182665334852471	0.734322899277818
amp3_2q31.2  	6	0.205526132761429	0.734322899277818
amp11_5q22.3  	45	0.205526132761429	0.734322899277818
amp34_16q13   	6	0.205526132761429	0.734322899277818
amp37_17q23.3 	6	0.205526132761429	0.734322899277818
amp40_19q13.33	44	0.230398143022626	0.734322899277818
del56_19p13.2 	44	0.230398143022626	0.734322899277818
del42_15q11.2 	8	0.257328325372337	0.734322899277818
amp21_10q21.2 	8	0.257338481599333	0.734322899277818
amp32_15q26.3 	43	0.257338481599333	0.734322899277818
del11_3q21.3  	8	0.257338481599333	0.734322899277818
del33_10q26.3 	8	0.257338481599333	0.734322899277818
del49_17p11.2 	42.5	0.261497909983313	0.734322899277818
del16_5p14.3  	42	0.2862870638307	0.734322899277818
amp30_14q13.3 	42	0.286348791601109	0.734322899277818
del18_6p22.1  	9	0.286369364250969	0.734322899277818
amp43_21q22.11	42	0.286389935264332	0.734322899277818
del29_9p21.3  	42	0.286389935264332	0.734322899277818
del62_20q13.33	42	0.286389935264332	0.734322899277818
del66_21q22.3 	9	0.286389935264332	0.734322899277818
del50_17p11.2 	10	0.317475901386168	0.734322899277818
amp15_7q31.2  	10	0.317568885571964	0.734322899277818
amp14_6q21    	10	0.317579214941788	0.734322899277818
del9_2q37.3  	10	0.317579214941788	0.734322899277818
del70_22q13.33	10	0.317579214941788	0.734322899277818
del60_19q13.42	40	0.350050066285181	0.734322899277818
amp1_1q21.1  	11	0.350915367796479	0.734322899277818
amp12_5q31.3  	40	0.350915367796479	0.734322899277818
amp31_15q25.3 	40	0.350915367796479	0.734322899277818
amp39_19q13.12	11	0.350915367796479	0.734322899277818
del38_12q24.33	11	0.350915367796479	0.734322899277818
amp44_21q22.3 	39	0.386388396513755	0.765998049229022
del20_6q25.1  	39	0.386388396513755	0.765998049229022
del65_21q22.3 	12	0.386388396513755	0.765998049229022
del31_9q34.13 	13	0.421779975986048	0.79847331541844
del2_1p36.21 	13	0.423928564040193	0.79847331541844
del1_1p36.33 	13	0.423968132080588	0.79847331541844
del17_5q13.2  	14	0.462800127671973	0.805956684542042
amp16_7q36.1  	14	0.463593860681621	0.805956684542042
amp35_16q24.1 	37	0.463603402612679	0.805956684542042
del23_7p11.2  	37	0.463603402612679	0.805956684542042
del51_17q11.2 	37	0.463603402612679	0.805956684542042
amp17_8p23.1  	36	0.505212446975605	0.827391789858124
del7_2q14.3  	15	0.505221535400094	0.827391789858124
del47_16q23.1 	36	0.505221535400094	0.827391789858124
del73_xq28    	36	0.505221535400094	0.827391789858124
del35_11q14.3 	35	0.548728222457246	0.862195052557922
del13_4p16.1  	33	0.559852326987218	0.862195052557922
del40_14q11.2 	34	0.593850172580798	0.862195052557922
del27_8q21.2  	17	0.593976266433872	0.862195052557922
del4_1q42.13 	17	0.594007771622574	0.862195052557922
del5_2p23.3  	17	0.594007771622574	0.862195052557922
del8_2q37.3  	17	0.594007771622574	0.862195052557922
del43_16p13.11	34	0.594007771622574	0.862195052557922
del24_7q22.1  	33	0.640916631404847	0.862195052557922
amp2_2q24.2  	33	0.640923755883765	0.862195052557922
amp7_4q28.1  	33	0.640923755883765	0.862195052557922
amp10_5p13.2  	33	0.640923755883765	0.862195052557922
amp38_19q12   	33	0.640923755883765	0.862195052557922
del69_22q13.33	18	0.640923755883765	0.862195052557922
del72_xp11.22 	33	0.640923755883765	0.862195052557922
del53_18p11.21	32	0.689313777901159	0.895323760492877
del14_4q35.2  	19	0.689320063388321	0.895323760492877
del46_16q22.1 	32	0.689320063388321	0.895323760492877
del12_3q29    	20	0.738968651182386	0.901534322094374
del37_12p13.31	31	0.739000868366425	0.901534322094374
amp8_4q31.21 	20	0.739022339866827	0.901534322094374
del6_2p11.2  	31	0.739022339866827	0.901534322094374
del28_8q24.3  	20	0.739022339866827	0.901534322094374
del71_xp11.23 	30	0.789752141242915	0.901534322094374
amp6_3q29    	30	0.789795986484264	0.901534322094374
del3_1p11.2  	21	0.789795986484264	0.901534322094374
del44_16p11.2 	21	0.789835423762684	0.901534322094374
amp9_5p15.33 	21	0.78983980431277	0.901534322094374
amp13_6p22.2  	21	0.78983980431277	0.901534322094374
del55_18q23   	30	0.78983980431277	0.901534322094374
del39_13q11   	29	0.841286374613545	0.905686829684229
del30_9q34.13 	22	0.841534030003055	0.905686829684229
amp5_3q25.1  	29	0.841567408113665	0.905686829684229
amp36_17q21.2 	22	0.841567408113665	0.905686829684229
del21_6q27    	29	0.841567408113665	0.905686829684229
del58_19p12   	29	0.841567408113665	0.905686829684229
del41_15q11.1 	28	0.893943282522577	0.935376644922863
amp20_9q33.2  	23	0.893988297802382	0.935376644922863
del15_5p15.33 	28	0.893988297802382	0.935376644922863
del26_8p23.1  	24	0.946853874481435	0.946876532570362
amp26_12q13.11	27	0.946875400354113	0.946876532570362
amp27_12q14.3 	27	0.946875400354113	0.946876532570362
amp4_3q21.3  	27	0.946876532570362	0.946876532570362
del61_20p11.21	24	0.946876532570362	0.946876532570362
