estimate	std_error	t_value	p_values	r_sq	FDR
amp24_11q14.2 	0.25599226913526	0.0856177700834177	2.98994319620619	0.00446968301776087	0.513557021964306	0.345533639567389
del35_11q14.3 	0.192227063788317	0.0665827877452332	2.88703838180881	0.00590655794132289	0.508142721348459	0.345533639567389
del60_19q13.42	-0.321610711117602	0.156483909705336	-2.05523182366292	0.0455599480523046	0.467882438517788	0.946253200728362
del39_13q11   	-0.32647738420688	0.159043171485203	-2.05275951905459	0.0458094721886547	0.467774812861041	0.946253200728362
del6_2p11.2  	-0.332466846583385	0.163261535183607	-2.0364064702043	0.047490079517386	0.467065097243344	0.946253200728362
del37_12p13.31	-0.181817071179821	0.0935682613815721	-1.94314897482566	0.058132306648415	0.463091590278787	0.946253200728362
del29_9p21.3  	-0.244941087485083	0.144439399331768	-1.69580522086269	0.0966818820526828	0.453204141170829	0.946253200728362
del34_11p15.5 	0.288602325053845	0.170556019112368	1.69212629701273	0.0973861136606094	0.453064665672785	0.946253200728362
del73_xq28    	-0.206226067416191	0.123779483030081	-1.66607633484843	0.102494683856359	0.452083718809931	0.946253200728362
amp42_21q11.2 	-0.199603255473003	0.121479619730387	-1.64310075974887	0.107181209613513	0.45122831022239	0.946253200728362
del50_17p11.2 	-0.519150007770843	0.34424851036371	-1.50806755045169	0.138375219511323	0.446391175383623	0.946253200728362
amp8_4q31.21 	0.24074374936048	0.163381019933858	1.4735111181087	0.147423913737115	0.445207069893111	0.946253200728362
del40_14q11.2 	-0.27920967632246	0.19262718935351	-1.44948216946702	0.153986826376367	0.444396968436543	0.946253200728362
amp3_2q31.2  	0.142974819162337	0.103447540477005	1.3820997435325	0.173615979362337	0.442184320088599	0.946253200728362
del2_1p36.21 	-0.16717214833895	0.132315276089472	-1.26343800413422	0.212797836549066	0.43850521307603	0.946253200728362
del42_15q11.2 	0.190039926984631	0.152216608804307	1.24848351620388	0.218171103774641	0.438061713442159	0.946253200728362
amp25_12p12.1 	-0.0909533366441523	0.0773137731321789	-1.17641828822213	0.245479923883998	0.435989296225433	0.946253200728362
del54_18p11.21	-0.18751058298529	0.16229837513154	-1.15534479524713	0.253915391632977	0.43540379534763	0.946253200728362
amp14_6q21    	-0.118206444162621	0.102547365788127	-1.15270093243397	0.254988240893405	0.435331001189848	0.946253200728362
del12_3q29    	0.109136312623795	0.0991008592134019	1.10126504946625	0.276510558207037	0.433944411761191	0.946253200728362
amp32_15q26.3 	0.126735912203634	0.116531609553139	1.08756682147982	0.282452174158947	0.433584702059352	0.946253200728362
del57_19p13.12	-0.227702815628233	0.209665819636198	-1.08602735545227	0.283125466416561	0.433544529396292	0.946253200728362
del58_19p12   	-0.109622995964577	0.101415745710361	-1.08092678505423	0.285364244694735	0.433411795124332	0.946253200728362
amp13_6p22.2  	-0.0908481948291735	0.0877267964545044	-1.03558090003079	0.305811276037344	0.432256591178922	0.946253200728362
del9_2q37.3  	0.176573977862639	0.171963704625475	1.02680957151513	0.309879500367004	0.432038323864534	0.946253200728362
del69_22q13.33	0.180887097361047	0.176426990487104	1.02528018452069	0.310592607389072	0.432000439319321	0.946253200728362
del51_17q11.2 	0.158016942989629	0.156508575676989	1.00963760168487	0.317950484314231	0.43161591258212	0.946253200728362
amp22_10q25.1 	-0.134203444013797	0.134762986701246	-0.9958479497884	0.324533881639925	0.431281414622248	0.946253200728362
amp41_20q13.2 	-0.103856039173213	0.10728456204601	-0.968042719218756	0.338085436768852	0.430619769807921	0.946253200728362
del70_22q13.33	0.183232745820927	0.192863857515436	0.950062640981148	0.347045574186963	0.430201102234185	0.946253200728362
amp10_5p13.2  	0.0754740843876519	0.0804898732175928	0.93768422499087	0.353304116018594	0.429917081683277	0.946253200728362
del21_6q27    	-0.165189809501186	0.180319633242685	-0.916094418176108	0.364395201270174	0.42942996284937	0.946253200728362
del11_3q21.3  	0.129158893732849	0.141315755090018	0.913973772072163	0.365496617363703	0.429382683588263	0.946253200728362
del22_7p22.1  	0.0802072453522243	0.0879365609649301	0.912103503617928	0.366469772481859	0.429341070881532	0.946253200728362
del23_7p11.2  	-0.141332618259197	0.156114007285305	-0.905316702305295	0.370015143533359	0.42919073265565	0.946253200728362
amp11_5q22.3  	0.119821934003606	0.133211924433939	0.899483544831058	0.373079867709729	0.429062353699672	0.946253200728362
amp33_16p13.13	0.124386940595192	0.139861448975878	0.889358300704044	0.378438069859925	0.428841347635577	0.946253200728362
amp34_16q13   	0.155289489876945	0.178618524123469	0.869391854170748	0.389146726815839	0.428412378738525	0.946253200728362
del19_6p21.33 	-0.117614678469976	0.135668790079994	-0.866925093093459	0.390482831792401	0.428360013533605	0.946253200728362
amp4_3q21.3  	-0.0945456502132248	0.109385717190102	-0.864332681102356	0.391890093699082	0.428305131025038	0.946253200728362
amp9_5p15.33 	-0.0610779719009169	0.0734385068500513	-0.831688640206527	0.409881425854602	0.427627240173303	0.946253200728362
amp12_5q31.3  	-0.0527279160659287	0.0636062953851644	-0.828973228933357	0.411400517168164	0.427571956360176	0.946253200728362
del48_16q24.3 	0.150789690879623	0.185390253722542	0.813363636177428	0.420199790559945	0.427257460119609	0.946253200728362
amp16_7q36.1  	-0.0950593796282361	0.117294601438206	-0.810432692235339	0.421864639598075	0.427199037160703	0.946253200728362
amp27_12q14.3 	-0.0606083549291142	0.0748247785157661	-0.810003799962383	0.422108595701157	0.42719050467664	0.946253200728362
del44_16p11.2 	-0.207030851120648	0.259804817515243	-0.796870716642895	0.429620032093729	0.426931297594698	0.946253200728362
del26_8p23.1  	0.115975081570122	0.14597423031163	0.794490105017406	0.430990157033232	0.426884740360182	0.946253200728362
amp20_9q33.2  	-0.134185315337772	0.175210141650065	-0.765853586293945	0.447675554226079	0.426335044985264	0.946253200728362
del32_10q11.22	-0.135498492174459	0.181114562602064	-0.748136926306522	0.45818561867194	0.426004558984352	0.946253200728362
del3_1p11.2  	0.128082193419197	0.171467937920913	0.746974594622305	0.458880112814516	0.425983134120951	0.946253200728362
amp29_14q11.2 	-0.0431151596285385	0.0583064039015453	-0.739458391248784	0.463385734413951	0.425845356496406	0.946253200728362
del62_20q13.33	0.104269874242326	0.14270551001471	0.730664669020686	0.468689350116286	0.425685847150377	0.946253200728362
amp40_19q13.33	0.0921233419873208	0.126374460111636	0.728971201190028	0.469714674804159	0.425655338367148	0.946253200728362
del17_5q13.2  	0.0850480102490647	0.117221876089203	0.72553019185894	0.471802002820689	0.425593554770586	0.946253200728362
amp23_11q13.1 	0.04442918050134	0.064127713564738	0.692823399301271	0.491903570158975	0.425020263123385	0.946253200728362
del10_3p21.1  	0.11500439593439	0.167141716816709	0.688065182796381	0.494867042560024	0.424938970597873	0.946253200728362
del36_11q25   	0.0874311235610476	0.127704580160709	0.684635769923214	0.497009017230795	0.42488071349557	0.946253200728362
del46_16q22.1 	-0.0939861964311312	0.142692184704751	-0.658663938922803	0.51339513419419	0.424448598998178	0.946253200728362
del16_5p14.3  	0.0508496161803476	0.0794056546833769	0.64037777137039	0.525104270154608	0.424154009300663	0.946253200728362
amp31_15q25.3 	-0.0571717977089083	0.0907113188444479	-0.630260902798103	0.531642541392734	0.423994464563333	0.946253200728362
del30_9q34.13 	-0.0758611623828842	0.122528185655456	-0.619132340669784	0.538883563441637	0.423821800090033	0.946253200728362
del1_1p36.33 	0.116548518392336	0.189600340683772	0.614706270948761	0.541777605493825	0.423753954333538	0.946253200728362
del7_2q14.3  	0.0974355534605133	0.161257788410607	0.604222310257754	0.548664492961154	0.423595128718434	0.946253200728362
del63_20q13.33	0.0980995503768003	0.16489263577646	0.594929845804582	0.554805793212417	0.423456566070223	0.946253200728362
del24_7q22.1  	-0.0449728745047199	0.0778967161582837	-0.577339799707813	0.566525127863516	0.423199979988113	0.946253200728362
amp37_17q23.3 	0.0689307579475331	0.123125551697629	0.559841210838289	0.578303936549597	0.42295215161826	0.946253200728362
del45_16q11.2 	-0.106855370969326	0.191855784857961	-0.556956732101852	0.580256927031457	0.422912011642206	0.946253200728362
del66_21q22.3 	-0.139678635244535	0.252085724125487	-0.554091810351799	0.582199830642366	0.422872343576772	0.946253200728362
amp26_12q13.11	0.113017612757228	0.211401672725625	0.534610778146075	0.595493793747622	0.422607892554342	0.946253200728362
del43_16p13.11	-0.0808925747046738	0.154220166555303	-0.524526568162314	0.602431056482421	0.422474627164018	0.946253200728362
amp39_19q13.12	-0.0428726971955245	0.0835818682828543	-0.512942556517599	0.610446170139132	0.422324599823649	0.946253200728362
del61_20p11.21	0.0945301823732345	0.187308565229279	0.504676239751893	0.616195449506855	0.422219542777264	0.946253200728362
del20_6q25.1  	0.11812066595208	0.23890136340963	0.494432782911938	0.623353694513429	0.422091674585665	0.946253200728362
amp43_21q22.11	-0.0535106129697635	0.112423674366469	-0.475972816858256	0.636346616621329	0.421867724279913	0.946253200728362
amp36_17q21.2 	0.0546657772548396	0.115122406931137	0.47484915154301	0.63714129995856	0.421854361957302	0.946253200728362
del33_10q26.3 	-0.07914566745217	0.169479344099354	-0.466993000667812	0.642709364153731	0.421761804104944	0.946253200728362
del14_4q35.2  	-0.113035981833789	0.243911496763313	-0.46343031523224	0.645241300582763	0.421720329327399	0.946253200728362
amp35_16q24.1 	0.0563308831939763	0.127793089713484	0.440797568321352	0.661424297680883	0.421464137852904	0.946253200728362
del68_22q13.2 	0.0786842397800842	0.182730310405566	0.430603109059718	0.668767932199092	0.42135286032098	0.946253200728362
amp18_8q24.13 	-0.0247731631607942	0.0586223397331959	-0.422589123421936	0.674563964063448	0.421267182448339	0.946253200728362
del65_21q22.3 	0.0722840062445157	0.172667206990609	0.418631930777956	0.677433362414713	0.421225460348677	0.946253200728362
amp38_19q12   	-0.0456595844554893	0.109864449467753	-0.415599265064273	0.679635656963474	0.421193747525902	0.946253200728362
del28_8q24.3  	-0.0311884749545944	0.0755787621038243	-0.412661891865205	0.681771446509905	0.4211632477228	0.946253200728362
del53_18p11.21	-0.0549332320966887	0.135687481401566	-0.40485114418267	0.687463496411259	0.421083183063495	0.946253200728362
del25_7q35    	-0.042236289996899	0.108269746139135	-0.39010242014073	0.698261381777721	0.420936114396033	0.946253200728362
del15_5p15.33 	-0.0269205321349544	0.0703799973821437	-0.382502602107008	0.703850284930259	0.420862434290658	0.946253200728362
amp30_14q13.3 	0.0251855316964465	0.067417826913763	0.37357376897749	0.710437696460621	0.420777698149074	0.946253200728362
amp44_21q22.3 	0.0460399008588951	0.128737310880468	0.357626709335595	0.722258415923351	0.42063127872088	0.946253200728362
amp2_2q24.2  	0.0656300725667177	0.184155078716376	0.356384809065173	0.723181897009547	0.420620141119272	0.946253200728362
del4_1q42.13 	-0.0413296217141456	0.12529950534336	-0.329846647046924	0.743013263992356	0.420391306857913	0.946253200728362
amp5_3q25.1  	-0.0423753904685903	0.136148907222493	-0.311242971633558	0.757022090192567	0.420241344959305	0.946253200728362
amp28_13q33.1 	-0.0350072913506286	0.113999940537777	-0.307081663249009	0.76016712272848	0.42020898213049	0.946253200728362
del52_17q25.1 	-0.0413801102262874	0.135423773865475	-0.305560161596095	0.761318069215627	0.420197257150219	0.946253200728362
del8_2q37.3  	0.0544969071197952	0.183915289357303	0.296315261826443	0.76832305660059	0.420127256337993	0.946253200728362
del5_2p23.3  	-0.0423555399492135	0.143184753499253	-0.295810405186992	0.768706162728082	0.420123495094336	0.946253200728362
amp21_10q21.2 	0.0433472531623126	0.151738574847116	0.285670622687652	0.776412882648912	0.42004930053171	0.946253200728362
del49_17p11.2 	0.0369339930679713	0.142919193687594	0.258425702769533	0.797231197652644	0.419862677812887	0.953303097073068
amp15_7q31.2  	0.0205524925386101	0.0803688342650906	0.255727145062465	0.799301621177588	0.419845204311096	0.953303097073068
del47_16q23.1 	-0.0278288948608121	0.115448576576371	-0.241050134060362	0.810587476148458	0.419753363192691	0.953303097073068
del67_22q11.21	0.0642975673472537	0.275107706115931	0.233717798221758	0.816241094800558	0.419709503749225	0.953303097073068
del59_19q13.2 	-0.0226532164437814	0.109970336268301	-0.205993881736553	0.837704684785069	0.419555861812723	0.953303097073068
del41_15q11.1 	-0.0261818345726488	0.145002059701698	-0.18056181151158	0.85750469380914	0.419431899780248	0.953303097073068
amp19_9p22.3  	-0.0152282921121304	0.0882177325672671	-0.17262166765076	0.863706107036272	0.419396529145811	0.953303097073068
del72_xp11.22 	-0.022353668338216	0.136266737716647	-0.164043468808201	0.870415602484461	0.419360098903519	0.953303097073068
del64_21p11.2 	0.0247658247643311	0.15409584737553	0.160717015974979	0.873020032746757	0.419346470348898	0.953303097073068
amp1_1q21.1  	-0.0145787073806454	0.101000217357417	-0.144343326797552	0.885859917058195	0.419283447958454	0.953303097073068
del56_19p13.2 	-0.0245995991748462	0.175937948342539	-0.139819745578438	0.889412825974169	0.419267227173251	0.953303097073068
del18_6p22.1  	-0.013858855973056	0.102403047053855	-0.135336363240906	0.892936427383658	0.419251659254732	0.953303097073068
amp6_3q29    	-0.00650906179707577	0.0483083268073983	-0.134739955350284	0.893405325296496	0.419249626482768	0.953303097073068
del71_xp11.23 	-0.0175924106711424	0.13780187948236	-0.127664519070616	0.898970947751939	0.419226194864738	0.953303097073068
del27_8q21.2  	0.0104341123685543	0.0933070557315445	0.111825545096766	0.911448275738809	0.419178315796699	0.953303097073068
amp7_4q28.1  	-0.0118760553322131	0.114140825321379	-0.104047393198485	0.917584069754565	0.419157119625617	0.953303097073068
del55_18q23   	0.0158363242367854	0.168831575346206	0.0937995407808724	0.925675773195369	0.419131523162068	0.953303097073068
del13_4p16.1  	0.0119107489532675	0.139995625893869	0.0850794364267998	0.932567460745947	0.41911182922131	0.953303097073068
del31_9q34.13 	0.0107215170587011	0.148977568364517	0.0719673248556976	0.942939914371496	0.419085828378514	0.953303097073068
del38_12q24.33	0.00953650401984271	0.141726485532778	0.0672880865139152	0.946643984095251	0.419077600295918	0.953303097073068
amp17_8p23.1  	0.00348008442165571	0.0591051506385773	0.0588795457596599	0.953303097073068	0.419064203647869	0.953303097073068
