estimate	std_error	t_value	p_values	r_sq	FDR
amp27_12q14.3 	6.57354857022515	2.42171736231118	2.71441608856933	0.00925455831157027	0.121029754534414	0.681955599526307
amp22_10q25.1 	11.077959073406	4.4106440367519	2.51164205977594	0.0155112020544294	0.103556832668797	0.681955599526307
amp32_15q26.3 	-9.42367817128182	3.82570960740812	-2.46324973360073	0.0174860410134951	0.099490026643222	0.681955599526307
del48_16q24.3 	-12.6236078517212	6.19229188466482	-2.03860026091203	0.0471374850150543	0.0658377475122643	0.979690468239893
del5_2p23.3  	8.06427676233447	4.70523656524513	1.7138940094746	0.0931371157610412	0.0430444693236495	0.979690468239893
del69_22q13.33	-10.1431406326127	5.93173583688356	-1.70997848042096	0.093864796094728	0.0427874947312246	0.979690468239893
amp1_1q21.1  	-5.57206301353939	3.26892308352154	-1.7045561706936	0.0948802682011722	0.0424323742700203	0.979690468239893
del73_xq28    	6.93241901318735	4.27611864565889	1.62119426228389	0.111666511311387	0.037083066128581	0.979690468239893
del32_10q11.22	9.47572279556411	6.13252782697732	1.54515773314226	0.129015503721207	0.0323889573517131	0.979690468239893
amp42_21q11.2 	6.40700757716164	4.2064229345648	1.52314868876221	0.134422227028501	0.0310640734522335	0.979690468239893
del68_22q13.2 	-9.11006728589144	6.06513148849717	-1.50203953585658	0.13977629298203	0.0298078756099396	0.979690468239893
del34_11p15.5 	-8.75310006770984	5.94692031900478	-1.47187108590261	0.14772051835297	0.0280374804892746	0.979690468239893
amp31_15q25.3 	-4.51566944007461	3.07190895901634	-1.4699880433698	0.148227957016116	0.0279279558059775	0.979690468239893
del22_7p22.1  	4.12417075449226	3.00694483362112	1.3715485260585	0.17671661252407	0.0223653305276554	0.979690468239893
del42_15q11.2 	-7.09194780015357	5.2541373272748	-1.34978348649901	0.18355092522615	0.0211792811460297	0.979690468239893
del58_19p12   	-4.50606607597175	3.45349783061187	-1.30478323629738	0.198319367154011	0.0187784543159439	0.979690468239893
del64_21p11.2 	-6.72194303074206	5.2206507959481	-1.28756802426992	0.20420056831011	0.0178784998218156	0.979690468239893
del39_13q11   	-6.73287769277569	5.6654473611338	-1.18841059912844	0.240642098527884	0.0128979021975516	0.979690468239893
amp36_17q21.2 	4.59604243255961	3.9320650992762	1.16886224325371	0.248353491718004	0.0119574432400228	0.979690468239893
del14_4q35.2  	-9.53155447253665	8.33833649045844	-1.14310024348905	0.258786337473317	0.0107392145258569	0.979690468239893
amp11_5q22.3  	-5.18664127921664	4.56483577474468	-1.13621640189383	0.261626434534624	0.0104177890941516	0.979690468239893
del20_6q25.1  	-9.22135419018925	8.12647260042358	-1.13473023827197	0.262242495403284	0.0103486235654414	0.979690468239893
del37_12p13.31	-3.61081379603972	3.27618973415136	-1.10213818155896	0.276013550005603	0.00885219878116639	0.979690468239893
amp4_3q21.3  	4.15032693227722	3.76687710034056	1.10179515331201	0.276161148270514	0.00883665724214322	0.979690468239893
del71_xp11.23 	5.13317202571076	4.66461851841462	1.10044840868475	0.276741163007049	0.00877568252246241	0.979690468239893
amp3_2q31.2  	-3.91661963541494	3.60239448764761	-1.0872267456673	0.282480976097259	0.00818062974809186	0.979690468239893
del47_16q23.1 	-4.19499299523561	3.94308871168699	-1.06388501552146	0.292816356120737	0.00714597361149349	0.979690468239893
amp38_19q12   	-3.84385026463952	3.75726028039451	-1.02304604360173	0.311523115812957	0.00538478676037935	0.979690468239893
del52_17q25.1 	4.49429085778362	4.58980264311392	0.979190437420312	0.332499459591938	0.00356371461239613	0.979690468239893
amp10_5p13.2  	2.64014567224267	2.78249922861802	0.948839678045103	0.347555691224405	0.00234642278844355	0.979690468239893
del62_20q13.33	-4.05697967774664	4.34183541279402	-0.934392783704329	0.354877324069505	0.00177944410233666	0.979690468239893
amp5_3q25.1  	4.31357858018343	4.67376231093786	0.922934949021369	0.360755060771129	0.00133550924752646	0.979690468239893
del44_16p11.2 	-8.1842160085198	8.97269911035316	-0.912124201186735	0.36635832080639	0.000921312065438773	0.979690468239893
del9_2q37.3  	-5.37357454519206	5.95235165923563	-0.902764966322926	0.371254259418803	0.000566395615391957	0.979690468239893
amp17_8p23.1  	-1.82465565500313	2.02754304987123	-0.899934359035687	0.372743203826289	0.000459726377076031	0.979690468239893
amp39_19q13.12	-2.56658644629676	2.86893888816855	-0.894611752408292	0.375553303510137	0.000259994035541	0.979690468239893
amp37_17q23.3 	3.71525441843041	4.2225674520485	0.879856736599441	0.383413674745526	-0.000287906963770235	0.979690468239893
del67_22q11.21	7.78944098524309	8.88333321746204	0.876860159870096	0.385022645262488	-0.000398138816420701	0.979690468239893
del55_18q23   	4.86927653221842	5.78741513719008	0.841356014177783	0.404409027109091	-0.00167734228191541	0.979690468239893
amp26_12q13.11	5.95030888466226	7.27360434186911	0.81806881499045	0.417446165062299	-0.00248935811101703	0.979690468239893
del4_1q42.13 	-3.36282826698548	4.31281026760428	-0.779730166255029	0.439458677967816	-0.00377926679336227	0.979690468239893
del30_9q34.13 	-3.17475646336073	4.17755282247309	-0.759956031263606	0.451076224350186	-0.00442160833766203	0.979690468239893
del15_5p15.33 	-1.82691040169658	2.4148155935356	-0.756542407042248	0.453099783870004	-0.00453090806084688	0.979690468239893
amp20_9q33.2  	4.5622550177979	6.04146560619755	0.755156995865007	0.453922547389193	-0.00457513347294691	0.979690468239893
del43_16p13.11	-3.93567600188445	5.2395073116169	-0.751153833330544	0.456304813689412	-0.00470248957434594	0.979690468239893
del45_16q11.2 	4.92361099041336	6.62267045321128	0.743447982984861	0.460910903179228	-0.00494582662367171	0.979690468239893
del63_20q13.33	-3.35229858670537	4.55736444312201	-0.735578343260362	0.46564246592477	-0.00519186587885523	0.979690468239893
amp6_3q29    	-1.19461023069411	1.6578846495079	-0.720562936057522	0.474747203875624	-0.00565437507566258	0.979690468239893
del8_2q37.3  	-4.27050947609832	6.05468965454478	-0.705322604419994	0.484090630767564	-0.00611448040275953	0.979690468239893
amp21_10q21.2 	3.65829503660093	5.21275261937961	0.701797170078697	0.486266549281893	-0.00621957149092256	0.979690468239893
amp14_6q21    	2.46792938087243	3.57247817194684	0.690817203657683	0.493078294163483	-0.00654364183301648	0.979690468239893
del21_6q27    	-4.28798215630846	6.23096734493807	-0.688172785850329	0.494726687470069	-0.00662095826373288	0.979690468239893
amp2_2q24.2  	4.29816297897987	6.33406132028974	0.678579312961759	0.500732203082145	-0.00689905733386453	0.979690468239893
del12_3q29    	-2.33929634177823	3.45419663663165	-0.677233113184717	0.501578104905057	-0.00693778129065947	0.979690468239893
del27_8q21.2  	2.02588355065603	2.99872519701821	0.675581594695796	0.502616923463207	-0.00698518687526728	0.979690468239893
amp40_19q13.33	2.92643614233087	4.35240763105222	0.672371797497146	0.504639265922239	-0.00707700327568594	0.979690468239893
del36_11q25   	-2.91045605437228	4.34396478398237	-0.669999919222203	0.50613651534642	-0.00714458071350377	0.979690468239893
del60_19q13.42	3.57549550169829	5.41674358213336	0.660082104216957	0.512423184910624	-0.0074246599131722	0.979690468239893
del46_16q22.1 	-3.12152938932799	4.93869203936998	-0.632055889382038	0.530413067184428	-0.00819434347114845	0.979690468239893
del54_18p11.21	3.51404104742274	5.67164355525404	0.619580728793763	0.538526032708616	-0.00852657285400982	0.979690468239893
del10_3p21.1  	-3.47625952178917	5.77251286578723	-0.602209055677019	0.549929406403782	-0.00897852186194714	0.979690468239893
del31_9q34.13 	-3.03109245248691	5.06235098256543	-0.598751936190495	0.552213350167075	-0.00906697785022192	0.979690468239893
amp43_21q22.11	2.18236121972117	3.82472724809909	0.570592640509417	0.570993872664569	-0.00976906072468986	0.979690468239893
amp19_9p22.3  	-1.72961576621126	3.03132700694496	-0.570580396720183	0.571002106351275	-0.00976935884641583	0.979690468239893
del41_15q11.1 	-2.71932953934015	4.82133582616703	-0.564019939159066	0.57542224332335	-0.00992820319164012	0.979690468239893
del49_17p11.2 	-2.75227374656139	4.88432725921273	-0.563490855648565	0.575779441695672	-0.00994093568455567	0.979690468239893
amp23_11q13.1 	-1.22990314818462	2.21551718573815	-0.555131396001719	0.581437430798141	-0.0101405636951175	0.979690468239893
del2_1p36.21 	2.5554728733623	4.63469168463529	0.551379260422884	0.583985712799705	-0.0102292216876601	0.979690468239893
del51_17q11.2 	2.91064580656651	5.45907017069919	0.533176111600287	0.596424029245604	-0.0106510166860057	0.979690468239893
del35_11q14.3 	-1.31171677853968	2.48864320182096	-0.527081092854086	0.600616457358019	-0.0107891600740067	0.979690468239893
del40_14q11.2 	-3.5022200317738	6.79571901540917	-0.515356803869109	0.608719366271263	-0.0110505279292146	0.979690468239893
del3_1p11.2  	-3.06207535543362	5.94646417878223	-0.514940519840262	0.609007990784115	-0.0110597024632115	0.979690468239893
amp12_5q31.3  	-1.10933870589279	2.20468183444765	-0.503174058297041	0.617191948717983	-0.0113160258651328	0.979690468239893
amp29_14q11.2 	-1.00309123538941	2.01273107802809	-0.498373203623486	0.620545328180715	-0.0114189435510601	0.979690468239893
del29_9p21.3  	2.4562718907549	5.12724813670624	0.479062418136216	0.634115678282107	-0.0118231524125127	0.979690468239893
del70_22q13.33	-3.09313573257909	6.67419801036542	-0.463446803312588	0.645183228555851	-0.0121385594006669	0.979690468239893
del38_12q24.33	2.17143252955947	4.89125656380329	0.443941654099419	0.659122028095731	-0.0125181079439212	0.979690468239893
del66_21q22.3 	3.79241108454779	8.73192468657444	0.434315597153365	0.66604671965857	-0.0126995072412357	0.979690468239893
del57_19p13.12	-3.11898799221942	7.32886562117158	-0.425575819429586	0.672359423046523	-0.0128608154252448	0.979690468239893
amp44_21q22.3 	-1.85821966574058	4.41227698003718	-0.421147555819337	0.675567098535638	-0.0129413145396149	0.979690468239893
del25_7q35    	-1.48029752477041	3.69242891675224	-0.400900750737386	0.690309969495616	-0.0132987994263543	0.979690468239893
del23_7p11.2  	2.15085522592476	5.43229974784213	0.395938244530624	0.693942315608133	-0.013383769334065	0.979690468239893
amp35_16q24.1 	1.58066752665455	4.41352278789571	0.358141920324872	0.721840675587418	-0.0139966269248024	0.979690468239893
amp16_7q36.1  	1.41837320947539	4.05450641894805	0.349826356877094	0.728031795273763	-0.0141233088885451	0.979690468239893
amp41_20q13.2 	1.29233996094415	3.74238054704693	0.345325640911618	0.73139036445828	-0.0141906458908625	0.979690468239893
del17_5q13.2  	-1.40325805285303	4.06691596357471	-0.345042303657439	0.731601977901154	-0.0141948561355345	0.979690468239893
del56_19p13.2 	-1.96113740329168	6.07893803798245	-0.322611842897244	0.748420024632372	-0.0145172989013778	0.979690468239893
amp8_4q31.21 	1.78347861516751	5.77689231643694	0.308726304295649	0.758894074916297	-0.0147061443579051	0.979690468239893
del72_xp11.22 	1.42712729983739	4.65199879860205	0.306777228804584	0.760368002157014	-0.0147319927114991	0.979690468239893
amp30_14q13.3 	0.673208173236274	2.32739719590119	0.289253666895307	0.773659383787466	-0.0149570910175956	0.979690468239893
amp33_16p13.13	-1.37789572000575	4.84059433706608	-0.284654243685478	0.777159546668014	-0.0150139956114801	0.979690468239893
del19_6p21.33 	-1.31182640542996	4.68238161704202	-0.280162215026523	0.78058249543217	-0.0150686971271241	0.979690468239893
del50_17p11.2 	3.02521872710189	11.7736881184049	0.256947415005226	0.798340899889199	-0.0153376126225644	0.979690468239893
amp34_16q13   	-1.49746950036585	6.15282238406141	-0.24337928301733	0.808770741119555	-0.0154840794799649	0.979690468239893
amp18_8q24.13 	-0.467361948006552	2.03142143799259	-0.230066464430143	0.819038535419344	-0.0156201069671262	0.979690468239893
del11_3q21.3  	-1.06628790160169	4.92146603347851	-0.216660623958027	0.829410539394079	-0.0157493884207884	0.979690468239893
amp15_7q31.2  	-0.552254088422065	2.7802020834268	-0.198638110414395	0.8434026089795	-0.0159110103315743	0.979690468239893
del26_8p23.1  	-0.977900842320815	5.01289308363887	-0.195077139289585	0.846173425652242	-0.0159412904102625	0.979690468239893
del1_1p36.33 	-1.15986908925818	6.5600717463211	-0.176807378655368	0.86041940778754	-0.0160880555612006	0.979690468239893
amp25_12p12.1 	0.471818431330703	2.71115171345285	0.17402878230293	0.862590276697173	-0.0161091167818235	0.979690468239893
del61_20p11.21	-0.998351830822192	6.44823848441221	-0.154825512926604	0.877621858145111	-0.0162455750139012	0.979690468239893
amp7_4q28.1  	-0.583880234463775	3.94890024609211	-0.147858947574478	0.883086601517051	-0.0162911480207093	0.979690468239893
del7_2q14.3  	-0.695566613048521	5.34549704212184	-0.130121971365346	0.897025252718079	-0.0163977237782948	0.979690468239893
del24_7q22.1  	-0.294288701874048	2.69735567234126	-0.109102668547456	0.913585547392751	-0.0165064364240264	0.979690468239893
del6_2p11.2  	-0.566232660554193	5.8698661753726	-0.0964643219516415	0.923561971780896	-0.0165626148980431	0.979690468239893
amp13_6p22.2  	-0.28389165427779	3.03176544919533	-0.0936390558686322	0.925793929337487	-0.0165742295032327	0.979690468239893
amp24_11q14.2 	-0.256995038372725	3.22041505207405	-0.0798018374082594	0.93673368929195	-0.016626131336225	0.979690468239893
del65_21q22.3 	0.475727465870214	5.97458857009082	0.0796251424326918	0.936873469373727	-0.016626740579647	0.979690468239893
del33_10q26.3 	0.46461641007149	5.87733753296487	0.0790521911436164	0.937326734185222	-0.0166287068286917	0.979690468239893
del16_5p14.3  	-0.188520255886913	2.74788849365756	-0.0686054970287331	0.945594693201183	-0.016662069127257	0.979690468239893
del18_6p22.1  	0.224037301661253	3.34334302351941	0.0670099657992668	0.94685802029143	-0.016666749191258	0.979690468239893
del53_18p11.21	0.305932616540055	4.60966694658339	0.0663676183301719	0.947366664293691	-0.0166686022659615	0.979690468239893
amp9_5p15.33 	0.161373283748004	2.55911881217915	0.0630581444597293	0.949987623413242	-0.0166778668196481	0.979690468239893
del59_19q13.2 	-0.160903660426142	3.79914600894545	-0.0423525866200666	0.966397041320316	-0.0167250775476748	0.979690468239893
amp28_13q33.1 	-0.144684608668006	3.93712692618776	-0.0367487793460855	0.970840957662023	-0.0167346662618431	0.979690468239893
del28_8q24.3  	-0.092432286155231	2.61591450392246	-0.0353345975247404	0.971962581677201	-0.0167368714142506	0.979690468239893
del13_4p16.1  	0.120550822215597	4.71033731075913	0.025592821545973	0.979690468239893	-0.0167497111351336	0.979690468239893
