estimate	std_error	t_value	p_values	r_sq	FDR
amp27_12q14.3 	0.700436753113572	0.218752157945332	3.20196499862012	0.00244972494722392	0.170600183080735	0.286617818825199
amp28_13q33.1 	0.988002806739297	0.335296198917033	2.94665674687166	0.00498604651083278	0.147217970353177	0.291683720883718
del11_3q21.3  	1.11001078248071	0.426737492674382	2.60115598356316	0.0123837491091072	0.116816050080787	0.482966215255181
del13_4p16.1  	-0.862656753581398	0.418101288087278	-2.06327217389801	0.0446345813668573	0.073586164645794	0.913708128719036
amp18_8q24.13 	-0.307808544211199	0.182979886370494	-1.68219879417759	0.0991636609490062	0.0470504371874431	0.913708128719036
amp11_5q22.3  	-0.699175726804223	0.416606268142448	-1.67826501968318	0.0999335607735037	0.0467975628567707	0.913708128719036
del38_12q24.33	0.73926670706758	0.441360816120922	1.67497131613296	0.100581967036231	0.0465861865725916	0.913708128719036
amp32_15q26.3 	-0.606440769633344	0.366288609494674	-1.65563644053791	0.104458384276738	0.0453518583866716	0.913708128719036
del19_6p21.33 	0.697735877458966	0.422302992454956	1.65221627581383	0.105156674874165	0.0451346784792374	0.913708128719036
del10_3p21.1  	0.859308064330659	0.522312065335596	1.64520048714275	0.106601046555995	0.0446902747814988	0.913708128719036
amp44_21q22.3 	-0.650380293101711	0.398632333465144	-1.63152920248146	0.109462232903092	0.0438285453635594	0.913708128719036
amp31_15q25.3 	-0.455307120627725	0.283547751437856	-1.6057511241718	0.11502751227625	0.0422191090628273	0.913708128719036
amp42_21q11.2 	-0.58805131049383	0.390101177274132	-1.5074328014155	0.138392502810013	0.036269312720938	0.913708128719036
amp41_20q13.2 	-0.490871773127104	0.339878241375298	-1.4442577175309	0.155300189393509	0.0326081776542803	0.913708128719036
del21_6q27    	-0.817997475085695	0.568084624925087	-1.43992186937565	0.156517563212986	0.0323616572633619	0.913708128719036
del44_16p11.2 	1.18038789978447	0.821194173923274	1.43740413323336	0.157227887293648	0.0322187907181146	0.913708128719036
del43_16p13.11	0.686142243846721	0.478219874422537	1.43478404086667	0.157969763984576	0.0320703368629508	0.913708128719036
del22_7p22.1  	-0.396750491614966	0.278297260943968	-1.42563563245003	0.160581599796359	0.0315537592014236	0.913708128719036
del23_7p11.2  	-0.677303910825727	0.494613806894133	-1.3693590865948	0.177395126645173	0.0284370528208271	0.913708128719036
amp33_16p13.13	-0.599973951893494	0.440473861874176	-1.36211022679225	0.179655865080836	0.0280432988996205	0.913708128719036
del29_9p21.3  	-0.632831166879583	0.467399389595011	-1.35394093566941	0.182230081232315	0.0276016730922293	0.913708128719036
del68_22q13.2 	-0.757707712523486	0.564828809635073	-1.34148205544443	0.186210217155401	0.0269325067166134	0.913708128719036
del47_16q23.1 	-0.475930853348469	0.363304724095686	-1.31000458233271	0.196561116449125	0.0252654144046097	0.913708128719036
del36_11q25   	0.51749472893148	0.397476421012896	1.30195076128727	0.199278136377395	0.0248443301009762	0.913708128719036
del26_8p23.1  	0.592447079356645	0.456753134692895	1.29708377317429	0.200933728646381	0.0245909490864008	0.913708128719036
amp36_17q21.2 	0.469061572856803	0.363355276705172	1.29091719022262	0.203046250826452	0.0242710846387398	0.913708128719036
amp43_21q22.11	-0.423521588008334	0.350352647855185	-1.20884369106693	0.232769360227946	0.020140271925983	0.988644085232307
del3_1p11.2  	0.652764753863896	0.544495489526267	1.19884327128555	0.236598584500039	0.0196531890021282	0.988644085232307
del12_3q29    	0.367306737602468	0.317251665966845	1.15777717504832	0.252804807414817	0.0176905422880081	0.991953646223509
del14_4q35.2  	0.861774806188551	0.773441201282948	1.11420855878776	0.270855235305139	0.0156749288595623	0.991953646223509
del2_1p36.21 	-0.460832856747956	0.425724100892713	-1.08246833050237	0.284566955407733	0.014250232019467	0.991953646223509
amp5_3q25.1  	0.451464258691497	0.432152208858333	1.04468807387143	0.301510642292491	0.0126029656462281	0.991953646223509
amp21_10q21.2 	-0.48772768922773	0.480480954409691	-1.01508225196343	0.315263825537166	0.0113493292074633	0.991953646223509
del6_2p11.2  	0.51878066131656	0.538871629285278	0.96271659728057	0.340616968176967	0.00921287848936647	0.991953646223509
del39_13q11   	-0.505803861636838	0.527857247403043	-0.958220928338669	0.342854791621648	0.00903431710887281	0.991953646223509
amp37_17q23.3 	0.370871400791091	0.390894021949519	0.948777366666882	0.34758705599244	0.0086617473428936	0.991953646223509
del62_20q13.33	-0.376603998576085	0.402453960285223	-0.935769145641359	0.3541754870409	0.00815413540943799	0.991953646223509
amp3_2q31.2  	0.289901202461813	0.335440771700799	0.864239612232929	0.391845724093784	0.00547953488587649	0.991953646223509
del48_16q24.3 	-0.504548069106626	0.594292138423733	-0.848989977294434	0.400190514258021	0.00493505584298437	0.991953646223509
del33_10q26.3 	0.441714550184069	0.541010661325775	0.816461821845847	0.4183551639401	0.00380414422508613	0.991953646223509
amp15_7q31.2  	0.208847585488174	0.256011825584367	0.815773197239863	0.418745053697003	0.00378065298550079	0.991953646223509
amp34_16q13   	0.449005284997	0.566922212131027	0.792005102973855	0.432337044390473	0.00298133462614225	0.991953646223509
del64_21p11.2 	-0.386126009451584	0.489155190564244	-0.789373223263121	0.43385816472578	0.00289420068598156	0.991953646223509
del57_19p13.12	0.509965453032911	0.676577183486562	0.753743202519687	0.454763062313216	0.00174170331441403	0.991953646223509
del66_21q22.3 	0.598765026953539	0.80630858444359	0.742600337520565	0.461419207112315	0.00139167167851251	0.991953646223509
del35_11q14.3 	0.170079310205248	0.230030682265641	0.739376628065813	0.463355304690039	0.00129133208137433	0.991953646223509
amp17_8p23.1  	-0.136201251039071	0.188510688688798	-0.722512086643098	0.473559646649325	0.000773209235342853	0.991953646223509
amp6_3q29    	0.109107084180701	0.153701742364206	0.709862376980508	0.481296702466535	0.000392080328660005	0.991953646223509
del8_2q37.3  	-0.384175628334862	0.561409784146375	-0.68430518880073	0.497143012760235	-0.000358253102972439	0.991953646223509
del70_22q13.33	0.419335611537731	0.617050014992653	0.679581235473632	0.50010313927422	-0.000494051573542542	0.991953646223509
amp35_16q24.1 	-0.273634731827613	0.407718650885869	-0.671136165179283	0.505418958616385	-0.000734566580415263	0.991953646223509
del5_2p23.3  	0.295986116611288	0.447495065859509	0.661428782556035	0.511567098086487	-0.00100745666166513	0.991953646223509
del32_10q11.22	-0.383304132678121	0.580023156523538	-0.660842810096611	0.511939507528105	-0.00102380676850866	0.991953646223509
del54_18p11.21	0.342212812615595	0.525508045566222	0.65120375511448	0.518086415830147	-0.00129075639833287	0.991953646223509
amp23_11q13.1 	-0.133562672820302	0.205115557927782	-0.65115817722285	0.518115574557036	-0.00129200967768872	0.991953646223509
amp16_7q36.1  	-0.238319792752777	0.374710871886526	-0.636009816189554	0.527855142565156	-0.00170386243874598	0.991953646223509
del4_1q42.13 	0.251863792972893	0.400670921478562	0.628605120739638	0.53265078006892	-0.00190177392751067	0.991953646223509
del31_9q34.13 	0.288028977650272	0.469161577467027	0.613922775188288	0.542226633454009	-0.00228757202658292	0.991953646223509
del46_16q22.1 	-0.26371832489872	0.458119473793535	-0.575654037832001	0.5675951977188	-0.00325157822044031	0.991953646223509
amp19_9p22.3  	-0.155946473578937	0.281040139469815	-0.554890393497285	0.581600947461371	-0.00374939251953599	0.991953646223509
del45_16q11.2 	-0.318434579203407	0.615735529249458	-0.517161287722926	0.607468980935695	-0.00460831763698755	0.991953646223509
del27_8q21.2  	0.140810175455361	0.278555868503856	0.505500660286437	0.615569778730694	-0.0048618294137317	0.991953646223509
amp24_11q14.2 	0.149455271423319	0.297738331785364	0.501968525608117	0.618033238390705	-0.00493750493729284	0.991953646223509
amp1_1q21.1  	-0.147113598412047	0.311498879246613	-0.472276493475207	0.638915018447341	-0.00555309724220598	0.991953646223509
del53_18p11.21	-0.189524523655499	0.426416156350672	-0.444459059144184	0.658750668537527	-0.00609640606200967	0.991953646223509
del16_5p14.3  	-0.105002075678381	0.254266353144713	-0.412960953660354	0.68151318322298	-0.0066724383517518	0.991953646223509
del58_19p12   	0.131626028840494	0.325300784947682	0.404628684992763	0.687586107159489	-0.00681784314712641	0.991953646223509
del65_21q22.3 	-0.222242079684536	0.552900041436118	-0.401957068238371	0.689537735357436	-0.00686384627476522	0.991953646223509
del34_11p15.5 	0.224086085750592	0.56286063872076	0.398120014680514	0.692344451264626	-0.00692939140945081	0.991953646223509
del50_17p11.2 	-0.420853261355476	1.09039714034133	-0.385963284188123	0.701265488910387	-0.00713295768072042	0.991953646223509
del63_20q13.33	0.163681749718222	0.424196466878707	0.385863066994909	0.701339210895176	-0.00713460993608139	0.991953646223509
amp9_5p15.33 	0.0908572323647879	0.236856095847797	0.38359676595857	0.703007125793188	-0.00717186074080334	0.991953646223509
del69_22q13.33	-0.203388853130696	0.565908519592089	-0.35940235230475	0.720903883462432	-0.00755602520689669	0.991953646223509
del61_20p11.21	-0.203868186688568	0.597129411148496	-0.341413741949932	0.734313865799008	-0.00782561117305036	0.991953646223509
amp38_19q12   	-0.114949045450132	0.351734873170555	-0.326805938842446	0.745265657907683	-0.00803444744744697	0.991953646223509
del25_7q35    	0.110292589911389	0.342475347749961	0.322045340302604	0.748846424245619	-0.00810055132778897	0.991953646223509
amp39_19q13.12	-0.086203379072668	0.267894923200569	-0.321780562478702	0.749045746487794	-0.00810419971003751	0.991953646223509
del24_7q22.1  	0.0793876520448005	0.249793751735597	0.317812801534087	0.752034705121736	-0.00815851532460199	0.991953646223509
del73_xq28    	-0.126196755722151	0.406888991637863	-0.310150331701449	0.757817769846464	-0.00826151739241898	0.991953646223509
del15_5p15.33 	-0.0679065787007649	0.224981287553963	-0.301832118746663	0.764111606657939	-0.00837051157909774	0.991953646223509
del41_15q11.1 	-0.127639174021802	0.448035123725588	-0.284886535145799	0.776982660100235	-0.00858345263622828	0.991953646223509
del30_9q34.13 	0.108330880742988	0.389288000742052	0.278279527076328	0.782018423972781	-0.00866316768519915	0.991953646223509
amp29_14q11.2 	0.0518704356346615	0.186908587240891	0.277517670003091	0.782599711678283	-0.00867224018758517	0.991953646223509
del18_6p22.1  	0.0841175192543592	0.309681738239752	0.271625701058409	0.78709942095864	-0.00874156954662419	0.991953646223509
amp14_6q21    	-0.0901181948954081	0.332566783251645	-0.270977738709455	0.787594722392463	-0.00874910373366178	0.991953646223509
amp26_12q13.11	0.183346292905502	0.678480301551971	0.270230826873104	0.788165770686884	-0.00875776626981373	0.991953646223509
del20_6q25.1  	-0.203442188506718	0.762952112162243	-0.266651320919937	0.790904093054417	-0.00879895084296001	0.991953646223509
del49_17p11.2 	0.118229956123411	0.453950161202286	0.260446996670909	0.795656698958582	-0.00886904253402743	0.991953646223509
del72_xp11.22 	-0.1110560008756	0.431342695893553	-0.257465819945184	0.797943123936336	-0.0089021380550327	0.991953646223509
amp40_19q13.33	-0.101505547340033	0.405109972875256	-0.250562943735008	0.803244151620841	-0.00897731589368389	0.991953646223509
amp4_3q21.3  	0.0731109620319686	0.353488969506756	0.206826714095166	0.837038639702261	-0.0094063740186594	0.991953646223509
del28_8q24.3  	-0.0442600635024486	0.242398460519554	-0.182592180691173	0.855903352947042	-0.00960891453158652	0.991953646223509
amp20_9q33.2  	0.0799758416545142	0.563277697513368	0.141982972177975	0.887700339919228	-0.00989192915557502	0.991953646223509
del9_2q37.3  	0.074808900038115	0.556407127519193	0.13444993124308	0.893620912678936	-0.0099366561899461	0.991953646223509
del56_19p13.2 	0.0733767877876012	0.56400685398882	0.130099106542162	0.897043243267911	-0.00996138012977665	0.991953646223509
amp30_14q13.3 	0.027521334498291	0.215891815203924	0.127477433418656	0.899106393712646	-0.0099758859276764	0.991953646223509
amp22_10q25.1 	0.0531942968515624	0.435347685544796	0.122188077754439	0.90327103062747	-0.0100042544382819	0.991953646223509
del59_19q13.2 	-0.0421350535330522	0.352113477640355	-0.119663279620579	0.905259936813893	-0.0100173724568211	0.991953646223509
amp2_2q24.2  	0.0691277503252856	0.589916362151361	0.11718229016938	0.90721493055823	-0.0100299963788275	0.991953646223509
del67_22q11.21	-0.0972265074607598	0.830024114934641	-0.117136967121029	0.907250650081331	-0.0100302245373731	0.991953646223509
amp7_4q28.1  	-0.0401291999386205	0.36608013325774	-0.109618622517184	0.913178552305803	-0.0100668519061953	0.991953646223509
del7_2q14.3  	-0.0477653636737589	0.495539077828529	-0.0963907102605682	0.923620117146439	-0.0101254042948764	0.991953646223509
del40_14q11.2 	0.0594593526994104	0.631644364932124	0.0941342248906153	0.925402702182625	-0.0101346423363415	0.991953646223509
del60_19q13.42	-0.0466880877047457	0.504378985946156	-0.0925654894546494	0.926642204876862	-0.0101409358850921	0.991953646223509
amp10_5p13.2  	-0.0170950784156932	0.260369334897191	-0.0656570345445762	0.947929367134721	-0.0102324317255749	0.991953646223509
del1_1p36.33 	0.028029828397984	0.608271802741998	0.0460810911694899	0.963440860432981	-0.0102794458021178	0.991953646223509
del17_5q13.2  	0.0173402672006912	0.377449908945219	0.0459405785767664	0.963552258058907	-0.0102797237283339	0.991953646223509
amp8_4q31.21 	-0.0204589087759171	0.536021210977065	-0.0381680955099229	0.969715321322074	-0.0102937754936872	0.991953646223509
del55_18q23   	0.0139300224176005	0.540483226868733	0.025773274220374	0.979547299830482	-0.0103108114252273	0.991953646223509
del71_xp11.23 	0.0102417168251007	0.437917408551352	0.0233873251556285	0.981440328679949	-0.0103133327594913	0.991953646223509
del51_17q11.2 	0.0118186518313732	0.50755153086155	0.0232856195139662	0.981521025130156	-0.0103134347978495	0.991953646223509
del37_12p13.31	0.00689047532612382	0.307582834347488	0.0224020151863852	0.98222211267544	-0.0103143025788592	0.991953646223509
del52_17q25.1 	0.00770862004950551	0.429766280061977	0.0179367726299835	0.985765222628258	-0.0103181744738381	0.991953646223509
del42_15q11.2 	-0.00740208623006119	0.496378994047663	-0.0149121665477859	0.98816537595527	-0.0103203102140419	0.991953646223509
amp25_12p12.1 	-0.0031176475480827	0.251389720666809	-0.012401650870263	0.990157661656289	-0.0103217842400427	0.991953646223509
amp13_6p22.2  	0.00293194880437889	0.281054230980569	0.0104319682153499	0.991720800090458	-0.0103227510294113	0.991953646223509
amp12_5q31.3  	0.00207751011223917	0.204911618277311	0.0101385667133214	0.991953646223509	-0.010322880768022	0.991953646223509
