estimate	std_error	t_value	p_values	r_sq	FDR
amp30_14q13.3 	0.33009719603786	0.121635305214427	2.71382716930698	0.00926875182575028	0.112157827738025	0.923915675946085
amp37_17q23.3 	0.557733864427865	0.224809307753174	2.48091980711146	0.0167399805448376	0.0919490724531787	0.923915675946085
del39_13q11   	-0.710310811829103	0.30583243040647	-2.32254902099511	0.0245839128793477	0.0787647820465018	0.923915675946085
del42_15q11.2 	-0.573095470775441	0.288875282346408	-1.98388545437476	0.0531262533454469	0.0523872773320924	0.923915675946085
del48_16q24.3 	-0.620061596033821	0.351341953217246	-1.76483790323331	0.0840883436109538	0.0368602630886965	0.923915675946085
del52_17q25.1 	0.426978716285538	0.252812275705765	1.68891607455991	0.0978602840377238	0.0317943123586488	0.923915675946085
del26_8p23.1  	-0.460649267136574	0.273495938446985	-1.68430021210669	0.098754387338193	0.0314918203243041	0.923915675946085
amp17_8p23.1  	-0.183049415937668	0.111692904251669	-1.63886342793286	0.107919597429036	0.0285485532048111	0.923915675946085
del55_18q23   	-0.513769393057287	0.31875823163355	-1.6117839229574	0.11370490030061	0.0268244278066798	0.923915675946085
amp38_19q12   	-0.333824628412602	0.207706015710557	-1.60719768886133	0.114709238868705	0.0265346718489929	0.923915675946085
amp6_3q29    	-0.142139535619043	0.0912919124247753	-1.55697839867432	0.126184430009544	0.0234049033566882	0.923915675946085
amp43_21q22.11	0.310621514886168	0.210716255032223	1.47412222582765	0.147115684788473	0.0184170607953961	0.923915675946085
del54_18p11.21	-0.441289574752444	0.313262527203839	-1.40868931465045	0.16550854351	0.0146371491022973	0.923915675946085
del9_2q37.3  	0.460203018691484	0.330408998299776	1.39282834626056	0.170225552070374	0.0137424942056807	0.923915675946085
amp29_14q11.2 	-0.137497616376354	0.111540816703177	-1.23271122124066	0.223814159651019	0.00519714791071724	0.923915675946085
del59_19q13.2 	-0.256627070077574	0.210047834302444	-1.22175537267412	0.227892777678295	0.00464549752513477	0.923915675946085
del57_19p13.12	-0.495426518317077	0.405986650446155	-1.22030248475568	0.228437735015436	0.00457266566840364	0.923915675946085
amp28_13q33.1 	-0.257444051669176	0.217892891592834	-1.18151652303669	0.243341548586359	0.00265657919931206	0.923915675946085
del4_1q42.13 	0.277788070019236	0.240369811465749	1.15566954238269	0.253657600202086	0.00141011166869387	0.923915675946085
del44_16p11.2 	-0.571797292417468	0.501441713664578	-1.14030659363922	0.25993625643435	0.000680856870845625	0.923915675946085
amp21_10q21.2 	-0.321936298290849	0.290497568360319	-1.10822372837054	0.27340428864448	-0.000813916703132911	0.923915675946085
del72_xp11.22 	0.285801332710007	0.258165022194269	1.10704901183299	0.273906604083401	-0.000867922000884258	0.923915675946085
del73_xq28    	0.267838092129269	0.243649803104298	1.09927481457728	0.277247303798248	-0.0012240276122788	0.923915675946085
amp36_17q21.2 	0.2424058442074	0.221195913561735	1.09588753383432	0.278711799610662	-0.00137847953819548	0.923915675946085
amp42_21q11.2 	0.260481932163511	0.238983564898826	1.0899575134959	0.281288714000089	-0.00164784061556777	0.923915675946085
amp22_10q25.1 	-0.283666853152995	0.260528040882519	-1.08881505496335	0.281787085547453	-0.00169958352791433	0.923915675946085
amp39_19q13.12	-0.174002418343741	0.160485787689309	-1.08422322530267	0.283796401270175	-0.00190705770360133	0.923915675946085
del31_9q34.13 	-0.305319953215508	0.281878162166629	-1.08316284904335	0.284261825768597	-0.00195485659649997	0.923915675946085
amp5_3q25.1  	0.281170050210542	0.261642914406226	1.0746327713427	0.288025278202071	-0.00233783258403109	0.923915675946085
del37_12p13.31	-0.194978753473461	0.18416415506768	-1.05872260213616	0.295137157581057	-0.00304483100571051	0.923915675946085
amp40_19q13.33	-0.256293126043533	0.242734113541308	-1.05585952590021	0.296429743534108	-0.00317104246082645	0.923915675946085
del12_3q29    	-0.20312463307026	0.192660667387932	-1.05431293176857	0.297129604518297	-0.00323909114225107	0.923915675946085
amp10_5p13.2  	0.16224613214247	0.155964307679836	1.04027732085683	0.303533088332994	-0.00385250096001055	0.923915675946085
del63_20q13.33	0.264110480052674	0.254503084995098	1.03774962121878	0.304696289920102	-0.00396217652230835	0.923915675946085
del10_3p21.1  	-0.329319169601219	0.321857291164901	-1.02318381046864	0.311458671578296	-0.00458944080710788	0.923915675946085
amp18_8q24.13 	0.113367969163192	0.112940995776249	1.00378049957863	0.320624512942838	-0.00541244260017448	0.923915675946085
amp20_9q33.2  	0.331833665627034	0.337880495279652	0.982103643930042	0.331077500170008	-0.00631479105315513	0.923915675946085
amp19_9p22.3  	-0.158281363324017	0.169255008464965	-0.935165019691458	0.354483432547787	-0.00820644909222401	0.923915675946085
del43_16p13.11	-0.270438864193031	0.293361848896406	-0.921861057292865	0.361309168789817	-0.00872700586690467	0.923915675946085
del68_22q13.2 	0.317564433638715	0.345595506056389	0.918890518173867	0.362844778848097	-0.00884229101379708	0.923915675946085
del28_8q24.3  	0.128707004516455	0.145702452316614	0.883355101235855	0.381540661727751	-0.0101945181714231	0.923915675946085
amp14_6q21    	-0.175704649093601	0.200004483656272	-0.878503550928223	0.38413972220175	-0.0103752710786273	0.923915675946085
del61_20p11.21	0.313465830591952	0.359316225196617	0.87239542389277	0.387427813232842	-0.0106015154458599	0.923915675946085
amp16_7q36.1  	-0.196111208500965	0.226188304971249	-0.867026297075318	0.390332671946387	-0.0107991665951761	0.923915675946085
del2_1p36.21 	-0.223218054537234	0.259078395268714	-0.861584982050373	0.393290487318111	-0.0109983084231753	0.923915675946085
del36_11q25   	-0.205252603066729	0.243276099763029	-0.843702292443286	0.403109564344155	-0.0116444902084847	0.923915675946085
del66_21q22.3 	0.40840402397097	0.48772752120149	0.837361039141055	0.406627547457507	-0.0118705680685962	0.923915675946085
del1_1p36.33 	0.303979074344756	0.365847117490797	0.830890991924797	0.410236407792157	-0.0120995827343124	0.923915675946085
del71_xp11.23 	0.217327400710024	0.263409162257884	0.825056345220275	0.413507645709737	-0.0123046713457382	0.923915675946085
del40_14q11.2 	-0.30094015245493	0.380186295386758	-0.791559706666407	0.43259424119648	-0.0134556574455544	0.923915675946085
del18_6p22.1  	-0.141371591928649	0.186629285294477	-0.757499508748496	0.45253189128061	-0.0145796205252935	0.923915675946085
amp8_4q31.21 	0.244415089916442	0.322785729777919	0.757205376100744	0.452706369558389	-0.0145891220558072	0.923915675946085
del11_3q21.3  	0.205296046809039	0.274892374014167	0.746823361489318	0.458890012188706	-0.0149222466649206	0.923915675946085
del53_18p11.21	0.189323015741787	0.257405574659647	0.735504722429255	0.465686861049592	-0.0152804282935723	0.923915675946085
del62_20q13.33	0.179133411871693	0.244692806117804	0.732074696897511	0.467757937714379	-0.0153879417822032	0.923915675946085
amp11_5q22.3  	-0.18818660236189	0.258395877436278	-0.728287944177043	0.470050515318383	-0.0155060793872772	0.923915675946085
amp31_15q25.3 	-0.127750235271964	0.175447206031146	-0.728140608003101	0.470139844977291	-0.0155106640940132	0.923915675946085
del17_5q13.2  	-0.164749521027717	0.227413550927046	-0.724449006473536	0.472381213423347	-0.0156252474931748	0.923915675946085
del24_7q22.1  	-0.107968623475265	0.15067699916568	-0.716556767609543	0.477193330004968	-0.0158683463023628	0.923915675946085
del70_22q13.33	-0.266493066808961	0.373649791765863	-0.713216152348216	0.479238508684374	-0.0159704774041713	0.923915675946085
amp35_16q24.1 	0.171680874971434	0.246926853980379	0.695270166869237	0.490309423458397	-0.0165113054677115	0.923915675946085
del41_15q11.1 	-0.18566519160396	0.270319045297198	-0.686837257063531	0.495560341181664	-0.0167608777027433	0.923915675946085
del7_2q14.3  	0.202953494848894	0.298784521363152	0.679263751425122	0.500302426923468	-0.0169825227618841	0.923915675946085
del67_22q11.21	-0.335955578289085	0.500542889081501	-0.671182401383356	0.505389771457688	-0.0172164248057352	0.923915675946085
amp13_6p22.2  	0.109367876958215	0.169525391282946	0.645141569239473	0.521972411749718	-0.0179517919061731	0.939550341149492
del30_9q34.13 	-0.147397723799144	0.235059588573759	-0.627065352634584	0.533650859182093	-0.0184457343753381	0.940428343246483
del58_19p12   	-0.121820353618258	0.196622193307534	-0.619565632795684	0.538535888867644	-0.0186466854809446	0.940428343246483
del47_16q23.1 	-0.132631411044406	0.223250509820797	-0.594092309804216	0.555299315781491	-0.0193117418867033	0.955441469800507
del23_7p11.2  	-0.171286822339256	0.304553366350425	-0.562419730872947	0.576502917278445	-0.020100837610185	0.963490070926333
del21_6q27    	0.193778919062792	0.350540644406195	0.552800145018981	0.583020080455474	-0.0203321759076844	0.963490070926333
del27_8q21.2  	-0.0922072609826793	0.168683328471674	-0.546629366506503	0.587219304896733	-0.0204785279458444	0.963490070926333
del69_22q13.33	0.184239471958049	0.34226791878257	0.538290216078036	0.592916966723897	-0.0206737622598863	0.963490070926333
del25_7q35    	0.108831989174316	0.207106868304773	0.52548710752635	0.601715136074814	-0.0209678054508231	0.964392752339085
del5_2p23.3  	-0.136915810120555	0.271636513396475	-0.504040522419443	0.61658760052378	-0.0214448611679166	0.970539658013019
amp15_7q31.2  	-0.0763532515487687	0.155799084217853	-0.49007509852885	0.626360734560396	-0.0217450499531264	0.970539658013019
amp23_11q13.1 	0.0601088596034179	0.124518371100832	0.482730853865276	0.631527761105612	-0.0218996003412459	0.970539658013019
del33_10q26.3 	-0.154085659913468	0.329316512811347	-0.467895334485515	0.64202191948505	-0.0222048144839457	0.970539658013019
del38_12q24.33	-0.126569687908455	0.274639604904493	-0.460857376897517	0.647026438675346	-0.0223463380230586	0.970539658013019
del50_17p11.2 	-0.277074399715118	0.660417792610932	-0.419544117095509	0.676730077177542	-0.0231345572184403	0.976427231714154
amp4_3q21.3  	-0.079019474370966	0.213945261323618	-0.369344354168421	0.713529930851141	-0.0239941514213728	0.976427231714154
del51_17q11.2 	0.110846247821482	0.307071884361653	0.360978173081237	0.719733292582853	-0.0241269028432118	0.976427231714154
amp27_12q14.3 	-0.0520117019398138	0.146074562501022	-0.356062691883469	0.723386963491973	-0.0242034970544847	0.976427231714154
amp7_4q28.1  	-0.0779649544968937	0.221522954702891	-0.351949776949576	0.726449100513728	-0.0242667871791271	0.976427231714154
amp24_11q14.2 	0.0622378296613783	0.180636961447034	0.344546482418703	0.731972337970188	-0.0243788763078767	0.976427231714154
del32_10q11.22	-0.114796690589202	0.352633220227037	-0.325541338718149	0.746216298490895	-0.0246558174503766	0.976427231714154
del19_6p21.33 	0.084303023007704	0.262886125846695	0.320682663401059	0.749872419047163	-0.0247241192118284	0.976427231714154
amp26_12q13.11	-0.129657410413819	0.410935361330184	-0.315517773875975	0.753765332369397	-0.0247956091937047	0.976427231714154
amp44_21q22.3 	-0.0777588031006268	0.247993360064689	-0.313551955908591	0.755248726381786	-0.0248225167325293	0.976427231714154
del22_7p22.1  	0.0508795315879764	0.172050792463417	0.295723901410072	0.768743579402895	-0.0250589243058539	0.976427231714154
del64_21p11.2 	0.0862770867300674	0.298042641100218	0.289479003445874	0.773488023927218	-0.0251384869416731	0.976427231714154
del49_17p11.2 	-0.0719891989029132	0.275019580286359	-0.261760267497884	0.794650053902368	-0.0254712733505738	0.976427231714154
amp34_16q13   	0.0871608116930572	0.345515225018027	0.252263302401535	0.801937492006713	-0.0255776401008052	0.976427231714154
del34_11p15.5 	0.0793895137473697	0.341382162273187	0.232553198499689	0.817118095837391	-0.025785915298064	0.976427231714154
del35_11q14.3 	-0.0300592671576718	0.140101554839903	-0.214553415856242	0.831043717081965	-0.0259613890154884	0.976427231714154
amp9_5p15.33 	-0.0307406204271537	0.143651603386517	-0.213994272966389	0.831477203865945	-0.0259666145675921	0.976427231714154
del56_19p13.2 	0.0708428375493858	0.341603695220633	0.207383112479595	0.83660661537216	-0.0260273702735658	0.976427231714154
amp32_15q26.3 	-0.0438263849590144	0.22820259643012	-0.192050334416046	0.848530150005004	-0.026160963883703	0.976427231714154
del65_21q22.3 	0.0641531773245771	0.335414220540143	0.191265526015165	0.849141445005094	-0.0261675268498225	0.976427231714154
del46_16q22.1 	-0.0494447744630072	0.278430847070591	-0.177583680052776	0.859813090806998	-0.0262776358082872	0.976427231714154
del20_6q25.1  	-0.0782117819738553	0.462436412446908	-0.16912980870172	0.866420359482733	-0.0263415988550073	0.976427231714154
del16_5p14.3  	-0.0256046530199195	0.154278980022629	-0.165963328355969	0.868897685778229	-0.0263647558373714	0.976427231714154
del15_5p15.33 	-0.0218216627549917	0.136397773323352	-0.159985476472992	0.873578118895213	-0.0264072825655168	0.976427231714154
amp3_2q31.2  	0.0323595019051812	0.20477777501474	0.15802252907012	0.875116037943037	-0.0264209076091955	0.976427231714154
amp25_12p12.1 	0.0229808143656516	0.152265535746175	0.150925908827854	0.880680078461619	-0.0264687656340206	0.976427231714154
del13_4p16.1  	0.0367331857439422	0.264471606171506	0.13889273890567	0.890128337756674	-0.0265448991761796	0.976427231714154
amp41_20q13.2 	0.029026698257105	0.210389181461247	0.137966686573433	0.890856145812102	-0.026550496740372	0.976427231714154
amp12_5q31.3  	0.0164712576941204	0.1241207283939	0.132703521057728	0.894994385821591	-0.026581600096294	0.976427231714154
amp1_1q21.1  	0.0235792065741819	0.18913476396725	0.124668813282072	0.901317444659219	-0.026626752822136	0.976427231714154
del6_2p11.2  	0.0265900632573173	0.329650894467676	0.0806612804744705	0.936053828782422	-0.0268241015043431	0.981926962983274
amp33_16p13.13	-0.0181923078393826	0.272060316306814	-0.0668686565036054	0.946969914401407	-0.0268685527497898	0.981926962983274
del8_2q37.3  	0.022226071279078	0.34179982464932	0.0650265730881562	0.948428644511726	-0.0268738605712544	0.981926962983274
del29_9p21.3  	0.0183783811416669	0.288626684787583	0.0636752667383911	0.94949884620843	-0.0268776600178995	0.981926962983274
amp2_2q24.2  	0.0194971584484344	0.357436363641898	0.0545472157610909	0.956730403383232	-0.0269012360919314	0.981926962983274
del60_19q13.42	-0.0152032130797321	0.305593235875659	-0.049749835058254	0.960532567391214	-0.0269121677027342	0.981926962983274
del3_1p11.2  	0.00834977680802791	0.334881161600951	0.024933551854964	0.980213528497574	-0.0269526616804103	0.981926962983274
del14_4q35.2  	-0.0111262064831119	0.474727800766823	-0.0234370232060138	0.981400896757228	-0.0269542433427616	0.981926962983274
del45_16q11.2 	-0.00851965335358658	0.374095605335577	-0.0227740001007072	0.981926962983274	-0.0269549127997695	0.981926962983274
