estimate	std_error	t_value	p_values	r_sq	FDR
del31_9q34.13 	-0.680991243654487	0.2357120660114	-2.88908096720663	0.00582727040610038	0.119441284167695	0.591034796346258
del21_6q27    	-0.786948417692582	0.293573304716097	-2.68058575166979	0.0101031589119018	0.100570053796817	0.591034796346258
del34_11p15.5 	-0.683238721590093	0.289489538491875	-2.36014995619357	0.0224702119146613	0.0729349070411569	0.638914738628356
del73_xq28    	-0.491312768580818	0.209245895071312	-2.34801628205599	0.0231337733440837	0.0719263835402928	0.638914738628356
del36_11q25   	-0.457211099780192	0.209331697913506	-2.18414652122636	0.0339755341485712	0.058612510156258	0.638914738628356
amp25_12p12.1 	-0.278052975000528	0.130347727123279	-2.13316320228242	0.0381624746401453	0.0545929566190474	0.638914738628356
del71_xp11.23 	-0.47468502310689	0.227499481935536	-2.08653232556106	0.0423816737012834	0.0509705058581064	0.638914738628356
amp12_5q31.3  	-0.220788963766762	0.106510407949993	-2.07293322799424	0.0436864778549303	0.0499240162435324	0.638914738628356
del72_xp11.22 	-0.443931889452435	0.225274347653976	-1.97062778818616	0.0546724809671983	0.0421999646210104	0.679831070832115
del1_1p36.33 	-0.617280842231722	0.317807479289836	-1.94231062028836	0.0581052197292406	0.0401097132121102	0.679831070832115
del24_7q22.1  	0.248283065140563	0.130872177010287	1.89714170584208	0.0639629860035011	0.0368197780646602	0.680333578400875
amp19_9p22.3  	0.253861695450576	0.148566562976181	1.70874044849026	0.0940958546538717	0.0237119692469181	0.809588158814126
del64_21p11.2 	-0.43870298005956	0.259609613493481	-1.68985645083045	0.0976789518961627	0.0224551943908468	0.809588158814126
del42_15q11.2 	-0.433947938490256	0.262010883707139	-1.65622104070798	0.104339408401608	0.0202434403700473	0.809588158814126
amp15_7q31.2  	0.218698567634648	0.136319561493417	1.60430803355547	0.115345735298599	0.0168981779161191	0.809588158814126
amp8_4q31.21 	-0.453592961383616	0.283459759954757	-1.60020230545604	0.116255019349729	0.0166371942111675	0.809588158814126
del44_16p11.2 	-0.707414485205416	0.443789393035091	-1.59403198072713	0.117632467520001	0.0162459712459739	0.809588158814126
amp20_9q33.2  	-0.461299720123548	0.298449998812476	-1.54565160649706	0.128896208886032	0.0132203744252422	0.837825357759211
del14_4q35.2  	-0.616466550783972	0.41590131724251	-1.48224236189306	0.144950203633126	0.00936936642257835	0.892588096056617
del70_22q13.33	-0.441078874053733	0.330513896327519	-1.3345244449772	0.188461582414428	0.000919584123174388	0.924010699868088
del9_2q37.3  	-0.395784186371463	0.296637225870533	-1.33423640680959	0.188555231524069	0.000903840065039518	0.924010699868088
del20_6q25.1  	-0.533043489250746	0.407262048758977	-1.30884645617006	0.196950086611456	-0.000472527228371877	0.924010699868088
del22_7p22.1  	0.194226580155127	0.151733948673225	1.28004696281526	0.206810710561622	-0.00200616866195613	0.924010699868088
amp22_10q25.1 	-0.288664472234474	0.232664208892067	-1.24069135347064	0.220877423641905	-0.00405408002438712	0.924010699868088
del19_6p21.33 	-0.28425134306171	0.232215516928613	-1.22408419050262	0.227021267069367	-0.00490150776783915	0.924010699868088
amp24_11q14.2 	-0.195339291935696	0.159589443303592	-1.22401136248151	0.227048484203674	-0.00490520200453504	0.924010699868088
del61_20p11.21	0.382856025907899	0.319820778742761	1.19709553398292	0.237272496996136	-0.00625729045412871	0.924010699868088
amp38_19q12   	-0.223804027530331	0.188411571435924	-1.1878465097694	0.240862152665602	-0.00671579000836098	0.924010699868088
del23_7p11.2  	0.307272367441828	0.270202588014119	1.13719254023493	0.261222357124787	-0.00917086391983535	0.924010699868088
amp2_2q24.2  	-0.35818953386076	0.316099100330971	-1.1331558156468	0.262896269869281	-0.00936241416080685	0.924010699868088
amp16_7q36.1  	0.226170864810821	0.201671715207735	1.12148034531193	0.267780724151268	-0.00991300781151883	0.924010699868088
del58_19p12   	-0.193161950693393	0.174697337752643	-1.10569487307754	0.274486448747991	-0.0106492923111969	0.924010699868088
del35_11q14.3 	-0.1360386752464	0.124060545075676	-1.09655068147103	0.278424659911745	-0.0110715160651891	0.924010699868088
amp6_3q29    	-0.0905567440111144	0.0828643957938607	-1.09283055941649	0.280038143016851	-0.0112423857321966	0.924010699868088
amp13_6p22.2  	-0.164165167859438	0.150730259091387	-1.08913212814094	0.281648707641756	-0.0114117404810674	0.924010699868088
amp21_10q21.2 	0.277039218229774	0.260645179061276	1.06289791826398	0.293259132520132	-0.0125981392465804	0.924010699868088
amp29_14q11.2 	-0.105434991741996	0.100408762164095	-1.05005767892732	0.299061062333463	-0.0131692651691862	0.924010699868088
amp32_15q26.3 	-0.210834952760388	0.202298848601351	-1.04219551528866	0.302652405159074	-0.0135158568420248	0.924010699868088
del10_3p21.1  	-0.294411646698587	0.288504120939197	-1.02047639992163	0.312726800499295	-0.0144609778850939	0.924010699868088
amp4_3q21.3  	-0.189444577577598	0.190043250115196	-0.996849808992239	0.323942148745176	-0.015468438832035	0.924010699868088
amp30_14q13.3 	-0.114055784577032	0.11606932904004	-0.982652226219783	0.330810187631609	-0.0160634249890703	0.924010699868088
amp14_6q21    	-0.163993461667272	0.1791441001461	-0.915427644748154	0.364640215056128	-0.0187735562390619	0.924010699868088
del6_2p11.2  	-0.267784674000649	0.292900514197187	-0.914251293599199	0.365251433207737	-0.0188193953292204	0.924010699868088
amp10_5p13.2  	0.128010299275366	0.140156008120697	0.913341504169611	0.365724601632705	-0.0188548096632983	0.924010699868088
del47_16q23.1 	-0.177444525443343	0.19917941885409	-0.890877814907827	0.377532695884613	-0.0197188069769441	0.924010699868088
del43_16p13.11	0.23175044669572	0.263150654804067	0.88067592637485	0.382974562859146	-0.0201045599437841	0.924010699868088
del13_4p16.1  	0.20589117862604	0.235190433380666	0.875423271544364	0.385795671686228	-0.0203015527627972	0.924010699868088
del5_2p23.3  	-0.208765780150282	0.242224083560458	-0.861870451037028	0.39313496324539	-0.0208047328091436	0.924010699868088
del16_5p14.3  	0.114573022790225	0.137310744046948	0.834406830910846	0.408272912845837	-0.0218017742454766	0.924010699868088
del65_21q22.3 	-0.241822964343495	0.298680198937924	-0.809638419966881	0.422228211140793	-0.0226748770888319	0.924010699868088
amp7_4q28.1  	0.15898452286124	0.197460089622654	0.805147628389407	0.424789035670214	-0.02283051966289	0.924010699868088
amp43_21q22.11	-0.153799428282569	0.191879278075395	-0.801542666958215	0.426851487622102	-0.0229548686340291	0.924010699868088
amp23_11q13.1 	-0.0851521740040487	0.111193221698252	-0.765803640757246	0.447622120505367	-0.0241590192132561	0.924010699868088
amp1_1q21.1  	0.128736288356446	0.168510473247833	0.763966095846814	0.448705858294955	-0.0242195217691832	0.924010699868088
del39_13q11   	-0.214468447798223	0.28773201084452	-0.745375695838425	0.459756123519047	-0.0248238430017829	0.924010699868088
del12_3q29    	0.125844921067015	0.173748988594477	0.72429153162285	0.472476959732571	-0.0254920425333467	0.924010699868088
del54_18p11.21	-0.197300721775563	0.28520174386662	-0.691793532187635	0.492470469939277	-0.026486029197571	0.924010699868088
del51_17q11.2 	-0.184952636909083	0.274292783635836	-0.674289109824469	0.503430725231297	-0.0270032772695254	0.924010699868088
del33_10q26.3 	-0.192264575656741	0.294527846084197	-0.652789127455807	0.517072709836769	-0.0276211353626039	0.924010699868088
del30_9q34.13 	-0.136838981208912	0.21062473558312	-0.649681438555019	0.519060800645061	-0.0277088471232547	0.924010699868088
amp31_15q25.3 	-0.101664707703026	0.157444711766314	-0.645716877769264	0.521602962858843	-0.0278201573035948	0.924010699868088
del15_5p15.33 	-0.0786122559066167	0.121750706349921	-0.645682134119856	0.521625270429718	-0.027821129871217	0.924010699868088
del40_14q11.2 	0.218804520337453	0.341544979956116	0.640631639105241	0.524873381809915	-0.0279619694466817	0.924010699868088
del11_3q21.3  	-0.157966517815431	0.246776117393837	-0.640120768102241	0.525202531244832	-0.0279761562900578	0.924010699868088
del3_1p11.2  	-0.190859312007927	0.298869230527425	-0.638604755903145	0.52617992525006	-0.0280181914904882	0.924010699868088
del67_22q11.21	0.284949276951581	0.448871919682476	0.63481199080831	0.528629369228973	-0.0281229336684954	0.924010699868088
del52_17q25.1 	-0.147092541329305	0.232387578379355	-0.632962150365835	0.529826203892714	-0.0281738007698951	0.924010699868088
amp40_19q13.33	0.127236930323301	0.219349189786365	0.580065649876451	0.564641023844706	-0.0295674975723317	0.924010699868088
amp17_8p23.1  	-0.0574183917309161	0.102592208053303	-0.559675952203737	0.578358178649373	-0.0300731933734304	0.924010699868088
del66_21q22.3 	-0.235690782492398	0.439065455028871	-0.53680101632432	0.593937197463431	-0.0306195486119121	0.924010699868088
del26_8p23.1  	-0.130730066637778	0.251708729171688	-0.519370413048364	0.605939819271823	-0.0310209343563908	0.924010699868088
del56_19p13.2 	-0.155336644773466	0.30548755393176	-0.508487638118853	0.613490017020929	-0.0312649736682582	0.924010699868088
amp44_21q22.3 	0.110067406382244	0.221934105249179	0.495946336227432	0.622243595236802	-0.0315399337069835	0.924010699868088
del17_5q13.2  	0.101335195052326	0.204436827778981	0.495679746908816	0.6224302752298	-0.0315457055493054	0.924010699868088
amp26_12q13.11	-0.182004008036297	0.367762969856381	-0.494894872388522	0.622980031519123	-0.0315626809789773	0.924010699868088
amp9_5p15.33 	-0.059769091099408	0.12852533582105	-0.465037424081323	0.64405210369261	-0.0321888582981988	0.924010699868088
del45_16q11.2 	0.15458513942914	0.334552650569528	0.462065206077372	0.646166400518931	-0.032249100578847	0.924010699868088
amp36_17q21.2 	-0.0919226433138082	0.200331450882685	-0.458852780772992	0.648454891015483	-0.0323137849685253	0.924010699868088
del4_1q42.13 	0.0990642456249745	0.218009891621036	0.45440252682285	0.651630861661331	-0.0324026614990505	0.924010699868088
del59_19q13.2 	-0.086195265302428	0.190822870987959	-0.45170301052575	0.653560588538475	-0.0324561591514112	0.924010699868088
del49_17p11.2 	0.109606834542626	0.246166860046103	0.445254225211706	0.65818011956551	-0.0325826896932138	0.924010699868088
amp33_16p13.13	-0.106571504328792	0.243369064441553	-0.43790078485668	0.663464168354406	-0.0327247871167655	0.924010699868088
del50_17p11.2 	-0.25620312176799	0.591875223451387	-0.432866779376233	0.667091522861321	-0.0328207215959651	0.924010699868088
del55_18q23   	0.124722882074488	0.292935244112099	0.425769464690156	0.672219293195499	-0.0329541224179093	0.924010699868088
amp11_5q22.3  	-0.0943623506827402	0.232501823790618	-0.405856389185658	0.686689982610234	-0.033316807841014	0.924010699868088
del68_22q13.2 	-0.126253916830149	0.311991611981261	-0.404670869285205	0.687555308520729	-0.0333378602384471	0.924010699868088
del27_8q21.2  	0.0603416583578874	0.15141869064026	0.3985086524176	0.692059972388436	-0.0334463101288103	0.924010699868088
del2_1p36.21 	0.091472045993649	0.233663486102587	0.391469148729079	0.697219731466225	-0.033568190349903	0.924010699868088
amp27_12q14.3 	0.0483839156718608	0.130916101973642	0.369579562349038	0.713355808416565	-0.0339334746380251	0.924010699868088
amp18_8q24.13 	-0.0376790766662106	0.102163012346048	-0.36881328967262	0.713923129613874	-0.033945885743907	0.924010699868088
del37_12p13.31	-0.0600111327757666	0.166797464867909	-0.359784441707737	0.720619988061802	-0.034090205451436	0.924010699868088
del38_12q24.33	-0.0856040733788566	0.246404691159776	-0.347412514656015	0.729832411330992	-0.0342822157250915	0.924010699868088
del32_10q11.22	-0.107833579770073	0.316037594146138	-0.341204912856697	0.73447004348489	-0.0343760515390041	0.924010699868088
amp34_16q13   	-0.101565023454857	0.309547892183851	-0.328107624116961	0.744287557261352	-0.0345685367363358	0.926400470208278
amp37_17q23.3 	0.0652782364345714	0.214077867402259	0.304927535138004	0.761767606068146	-0.0348909003507327	0.926622088603473
amp5_3q25.1  	-0.0708461944125463	0.237154702932698	-0.298734090180163	0.766459821456842	-0.0349730675944924	0.926622088603473
del41_15q11.1 	-0.06924258434035	0.243296059051666	-0.284602161704747	0.777199207975569	-0.0351542866165031	0.926622088603473
del60_19q13.42	-0.0759989435975059	0.273692491125234	-0.277680046263056	0.782475810042004	-0.0352398698133674	0.926622088603473
del69_22q13.33	0.0828088947678646	0.307489040130847	0.269306817350715	0.788872380887701	-0.0353405962208975	0.926622088603473
amp42_21q11.2 	0.0574865231483962	0.216734204915703	0.265239735328141	0.79198469111408	-0.035388415636058	0.926622088603473
del57_19p13.12	0.0876705225424468	0.369392970526606	0.237336737668462	0.813427088494085	-0.0356969746779947	0.942286825285227
del18_6p22.1  	-0.0371826705572972	0.168210397313607	-0.221048586479317	0.826012127057428	-0.0358613308722449	0.947484498683521
del62_20q13.33	-0.043148425437143	0.220480441732207	-0.195701827781852	0.845687208059203	-0.0360939516381142	0.96063498391191
amp28_13q33.1 	-0.0355006554463087	0.198113532014976	-0.179193491152463	0.85855604753528	-0.0362302899795899	0.96587555347719
amp41_20q13.2 	0.0317427436526221	0.188557623175351	0.168345056105754	0.867034192984947	-0.0363133642828464	0.96612381504037
del28_8q24.3  	0.0193239605222427	0.131645669560555	0.146787665608354	0.883927457790624	-0.0364630856824386	0.972289206163812
del53_18p11.21	-0.0321941541460183	0.231994523428968	-0.138771181621774	0.890223867279385	-0.0365135468880391	0.972289206163812
del25_7q35    	-0.0241098563446137	0.186145581004947	-0.12952150792112	0.897497728766596	-0.0365682557133851	0.972289206163812
del8_2q37.3  	-0.0338751540469873	0.306336356634905	-0.110581566024695	0.912419025638863	-0.0366685239623956	0.979385559630706
del7_2q14.3  	-0.020872815217969	0.269100993737276	-0.077564987509289	0.938503366346707	-0.0368055221425829	0.980060965628351
amp39_19q13.12	-0.00954951009841692	0.145627951393627	-0.0655747060027299	0.947994563865497	-0.0368433794022816	0.980060965628351
del29_9p21.3  	0.0167533711957071	0.258701828905923	0.0647593844487255	0.948640243849045	-0.0368457234340858	0.980060965628351
del48_16q24.3 	-0.0193337929742234	0.325170226959372	-0.0594574514247856	0.952839848962151	-0.0368602511827401	0.980060965628351
del46_16q22.1 	-0.0141839174015475	0.249638605238544	-0.0568178042334197	0.954931197278906	-0.0368670217604306	0.980060965628351
amp3_2q31.2  	-0.006429104178202	0.183593015610288	-0.0350182394293747	0.972213501343904	-0.036911186417464	0.983748418985833
amp35_16q24.1 	0.00691318675350455	0.222458754186749	0.0310762630078432	0.975340312840655	-0.0369169343827691	0.983748418985833
del63_20q13.33	0.00324924577863255	0.230714667268351	0.014083394944515	0.988823061650352	-0.036933864563951	0.988823061650352
