5295551 0
  24008 1
  30403 10
  10022 11
  20680 12
  28076 13
   9397 14
  47853 15
  15062 16
  20266 17
  22292 18
  38572 19
   7437 2
  51547 20
  66884 21
  88094 22
  83278 23
 147380 24
 282351 25
  10494 26
 860865 27
   6528 28
   6124 29
  48646 3
  16404 30
  19015 31
   3569 32
  50223 33
   7006 34
   7196 35
  14479 36
  24180 37
   6556 38
  63466 39
  11964 4
1046583 40
  13664 41
  45619 42
  36982 43
  31453 44
 103309 45
  53663 46
 130021 47
 174332 48
 166354 49
  12297 5
 718586 50
  45064 51
  71664 52
  24214 53
  46368 54
  93288 55
   7959 56
 153929 57
  10095 58
  18379 59
  19944 6
108008146 60
  29374 7
  14138 8
  55379 9
