4839086 0
  19416 1
  24499 10
   8282 11
  17224 12
  22721 13
   7296 14
  39235 15
  12033 16
  20729 17
  21060 18
  31865 19
   5885 2
  42165 20
  55322 21
  70905 22
  65753 23
 121235 24
 238499 25
   7985 26
 723853 27
   5380 28
   5044 29
  40417 3
  13756 30
  15753 31
   2727 32
  42198 33
   5509 34
   5964 35
  12793 36
  20037 37
   5291 38
  53424 39
   9516 4
 857964 40
  11899 41
  38520 42
  30197 43
  27221 44
  87104 45
  44921 46
 105561 47
 151438 48
 141760 49
  10238 5
 598759 50
  37332 51
  59496 52
  20709 53
  38652 54
  77680 55
   8072 56
 130069 57
  10395 58
  17399 59
  17242 6
89920244 60
  24177 7
  11663 8
  46672 9
