5579182 0
  23587 1
  29686 10
  10161 11
  20459 12
  28211 13
   8980 14
  49910 15
  15240 16
  25647 17
  24836 18
  39520 19
   6875 2
  53553 20
  71683 21
  93976 22
  83406 23
 155644 24
 304041 25
  10139 26
 931266 27
   6839 28
   6358 29
  51318 3
  16314 30
  19581 31
   3454 32
  53816 33
   7222 34
   7547 35
  15176 36
  25348 37
   6309 38
  68257 39
  11395 4
1093002 40
  13837 41
  47586 42
  38073 43
  32944 44
 107788 45
  54870 46
 133086 47
 187937 48
 174092 49
  12305 5
 787345 50
  45097 51
  75940 52
  24697 53
  44174 54
  99855 55
   7784 56
 164401 57
  10149 58
  18215 59
  19536 6
117015188 60
  28769 7
  13861 8
  58631 9
