5117851 0
  21212 1
  28217 10
   9115 11
  19158 12
  24788 13
   8352 14
  46180 15
  13675 16
  19478 17
  21720 18
  34691 19
   5848 2
  49848 20
  67298 21
  87251 22
  79490 23
 146477 24
 278195 25
   9013 26
 861947 27
   5851 28
   5563 29
  45477 3
  15445 30
  17712 31
   3057 32
  48626 33
   6380 34
   6750 35
  14424 36
  23154 37
   5600 38
  62225 39
  10198 4
 999553 40
  13235 41
  45015 42
  34830 43
  30973 44
  98413 45
  52178 46
 128398 47
 171166 48
 165668 49
  11010 5
 722917 50
  35321 51
  71457 52
  23076 53
  35638 54
  91358 55
   7494 56
 145888 57
  10690 58
  16757 59
  19263 6
110270935 60
  26673 7
  12782 8
  53462 9
