5225479 0
  21278 1
  28444 10
   8665 11
  19006 12
  24729 13
   8212 14
  44523 15
  13139 16
  18603 17
  20644 18
  33828 19
   6099 2
  46126 20
  64063 21
  80452 22
  73351 23
 135798 24
 260990 25
   8719 26
 813283 27
   5710 28
   5603 29
  45101 3
  15091 30
  17306 31
   2909 32
  46613 33
   6265 34
   6524 35
  14237 36
  21990 37
   5853 38
  59410 39
  10230 4
 959704 40
  13096 41
  42381 42
  33070 43
  30437 44
  93162 45
  50369 46
 119909 47
 162646 48
 161424 49
  11042 5
 655447 50
  39588 51
  65052 52
  22842 53
  40859 54
  85218 55
   8667 56
 143679 57
  11597 58
  18795 59
  18641 6
100105181 60
  26582 7
  13205 8
  52582 9
