4568420 0
  20734 1
  26186 10
   8615 11
  17912 12
  24957 13
   8057 14
  46004 15
  13056 16
  18273 17
  20493 18
  32858 19
   6170 2
  43608 20
  61964 21
  75270 22
  67659 23
 125519 24
 242335 25
   9147 26
 806659 27
   6071 28
   5393 29
  45414 3
  14741 30
  16944 31
   3126 32
  47382 33
   6100 34
   6700 35
  13635 36
  21488 37
   6349 38
  60010 39
  10637 4
 972792 40
  12728 41
  42541 42
  34653 43
  28126 44
 103042 45
  47498 46
 114810 47
 161601 48
 153511 49
  10744 5
 676611 50
  46965 51
  66239 52
  21952 53
  44963 54
  85877 55
   8545 56
 149798 57
   9774 58
  18169 59
  17077 6
107738884 60
  25677 7
  11632 8
  51794 9
