4775060 0
  21196 1
  27330 10
   8278 11
  17980 12
  24375 13
   7270 14
  43642 15
  12334 16
  18291 17
  19777 18
  32268 19
   5793 2
  40929 20
  60295 21
  72462 22
  68129 23
 130793 24
 259175 25
   8859 26
 783757 27
   5627 28
   5438 29
  44155 3
  14346 30
  16878 31
   2845 32
  45283 33
   6073 34
   6434 35
  13549 36
  21779 37
   5579 38
  57633 39
   9747 4
 925147 40
  12238 41
  40535 42
  31487 43
  28609 44
  90244 45
  46824 46
 114971 47
 157156 48
 159238 49
  10623 5
 625899 50
  40093 51
  62450 52
  21494 53
  42236 54
  82584 55
   8214 56
 141954 57
  10663 58
  18297 59
  17992 6
98690388 60
  26388 7
  12332 8
  52231 9
