4369039 0
  22408 1
  25684 10
   8329 11
  18488 12
  25569 13
   7958 14
  43394 15
  11881 16
  18603 17
  20644 18
  35495 19
   5884 2
  43617 20
  60251 21
  70668 22
  66823 23
 132123 24
 269977 25
   9581 26
 767468 27
   5814 28
   5426 29
  44044 3
  15064 30
  17597 31
   3298 32
  45941 33
   6117 34
   6347 35
  12908 36
  22469 37
   6358 38
  57238 39
   9456 4
 930984 40
  12460 41
  40452 42
  33473 43
  27996 44
  94058 45
  45559 46
 114508 47
 163043 48
 155267 49
  10276 5
 622757 50
  49066 51
  62154 52
  21063 53
  54112 54
  84922 55
   8888 56
 147752 57
   9796 58
  19192 59
  17654 6
97864755 60
  27228 7
  12871 8
  51593 9
