5731041 0
  21736 1
  30502 10
   9130 11
  18716 12
  26735 13
   8479 14
  48038 15
  14145 16
  17384 17
  20108 18
  34122 19
   6268 2
  46863 20
  66377 21
  86069 22
  82037 23
 141462 24
 265538 25
   9403 26
 879520 27
   6418 28
   6583 29
  48193 3
  15735 30
  18117 31
   3162 32
  50378 33
   6750 34
   7167 35
  13775 36
  23183 37
   6239 38
  63169 39
  11150 4
1038508 40
  13260 41
  45042 42
  33986 43
  30435 44
  99886 45
  52633 46
 129173 47
 169244 48
 166795 49
  11683 5
 734074 50
  38071 51
  72374 52
  23686 53
  38182 54
  92972 55
   6927 56
 151611 57
   9319 58
  16905 59
  17781 6
114826018 60
  27702 7
  13114 8
  56411 9
