5178429 0
  23336 1
  29337 10
  10000 11
  19832 12
  27367 13
   9042 14
  47649 15
  15016 16
  23950 17
  23453 18
  36652 19
   6252 2
  45311 20
  65970 21
  83148 22
  76480 23
 146795 24
 282205 25
   9578 26
 871771 27
   6642 28
   6233 29
  48737 3
  15641 30
  18846 31
   3457 32
  50384 33
   6487 34
   7116 35
  14430 36
  24443 37
   6452 38
  63691 39
  11127 4
1031979 40
  13832 41
  45570 42
  37676 43
  29991 44
 107706 45
  50695 46
 126016 47
 182973 48
 163115 49
  11476 5
 733528 50
  47460 51
  71472 52
  22657 53
  45529 54
  93499 55
   8402 56
 158725 57
   9893 58
  18225 59
  19016 6
108435302 60
  28322 7
  13277 8
  56184 9
