5296512 0
  24104 1
  32239 10
  10841 11
  22304 12
  28069 13
   9089 14
  50748 15
  14631 16
  19067 17
  23794 18
  37619 19
   6891 2
  50999 20
  69151 21
  85199 22
  80100 23
 146721 24
 284371 25
  10343 26
 885065 27
   7074 28
   7030 29
  51725 3
  17494 30
  20150 31
   3593 32
  51584 33
   7128 34
   7572 35
  15747 36
  25869 37
   6880 38
  66510 39
  12280 4
1072358 40
  14813 41
  47389 42
  36661 43
  33957 44
 101504 45
  55409 46
 130925 47
 173485 48
 181738 49
  13026 5
 718850 50
  43699 51
  73106 52
  25803 53
  44409 54
  93724 55
   9567 56
 157770 57
  12230 58
  20480 59
  21473 6
110526708 60
  29411 7
  14018 8
  61965 9
