4947283 0
  23760 1
  31761 10
  10172 11
  21348 12
  27698 13
   8991 14
  49738 15
  14110 16
  16415 17
  21772 18
  35331 19
   6685 2
  47843 20
  69114 21
  87202 22
  81480 23
 150167 24
 279149 25
  10299 26
 852071 27
   6722 28
   6695 29
  50053 3
  17220 30
  19056 31
   3535 32
  51189 33
   7041 34
   7755 35
  14927 36
  25672 37
   7199 38
  65722 39
  11777 4
1036767 40
  14361 41
  46093 42
  37998 43
  31463 44
 112523 45
  53069 46
 126440 47
 177297 48
 166577 49
  12506 5
 698205 50
  51495 51
  70970 52
  24094 53
  49200 54
  91642 55
   9171 56
 156155 57
  10471 58
  20025 59
  20696 6
106941998 60
  30098 7
  13147 8
  58977 9
