5700305 0
  24152 1
  30340 10
  10542 11
  20334 12
  28035 13
   8966 14
  48804 15
  16288 16
  25981 17
  23543 18
  38979 19
   6886 2
  53239 20
  70932 21
  94523 22
  86431 23
 158729 24
 293426 25
  10297 26
 891735 27
   6582 28
   6091 29
  49700 3
  15882 30
  19519 31
   3502 32
  51810 33
   7044 34
   7584 35
  14639 36
  24854 37
   6627 38
  65323 39
  12055 4
1052602 40
  13093 41
  45114 42
  36012 43
  31864 44
 102539 45
  53001 46
 129730 47
 176782 48
 170563 49
  12466 5
 735988 50
  41958 51
  72340 52
  23761 53
  40564 54
  94225 55
   6791 56
 153285 57
   9033 58
  16564 59
  19275 6
108988054 60
  29293 7
  13615 8
  57131 9
