5404836 0
  24346 1
  30371 10
  10213 11
  20875 12
  27422 13
   8447 14
  48072 15
  14155 16
  19458 17
  22925 18
  37824 19
   7206 2
  50245 20
  67133 21
  85255 22
  81772 23
 147446 24
 287254 25
  10351 26
 870911 27
   6814 28
   6494 29
  49682 3
  16739 30
  19316 31
   3656 32
  51089 33
   7253 34
   7038 35
  14779 36
  24552 37
   7108 38
  63275 39
  11905 4
1038833 40
  13958 41
  45236 42
  37259 43
  31121 44
 104299 45
  52931 46
 129555 47
 176133 48
 166075 49
  13167 5
 715908 50
  47419 51
  70091 52
  24108 53
  47444 54
  93379 55
   9178 56
 158214 57
  10921 58
  19532 59
  20195 6
108843726 60
  29585 7
  14617 8
  56023 9
