4705506 0
  20968 1
  26325 10
   8415 11
  18033 12
  24028 13
   7477 14
  43137 15
  11941 16
  16120 17
  20752 18
  34426 19
   6116 2
  46500 20
  61443 21
  80181 22
  80481 23
 144668 24
 268490 25
   9073 26
 817962 27
   5713 28
   5562 29
  43826 3
  14815 30
  16973 31
   3086 32
  47408 33
   6372 34
   6563 35
  13173 36
  22260 37
   6289 38
  59145 39
   9987 4
 966319 40
  13682 41
  45006 42
  38167 43
  30265 44
 108031 45
  51424 46
 123477 47
 175764 48
 159783 49
  10553 5
 690013 50
  50498 51
  68136 52
  23018 53
  49184 54
  89695 55
   9217 56
 152510 57
  10682 58
  19516 59
  17767 6
105475744 60
  26068 7
  12375 8
  49237 9
