4907082 0
  21756 1
  27181 10
   9202 11
  19341 12
  26080 13
   9252 14
  46092 15
  13861 16
  20298 17
  21795 18
  33746 19
   6682 2
  49695 20
  67263 21
  84004 22
  76191 23
 135573 24
 260952 25
   9425 26
 823248 27
   6227 28
   5680 29
  47058 3
  16475 30
  17847 31
   3569 32
  48106 33
   6892 34
   6907 35
  14047 36
  22919 37
   6469 38
  61018 39
  10373 4
1024139 40
  13270 41
  42972 42
  33619 43
  30991 44
  99003 45
  50745 46
 122602 47
 166805 48
 162450 49
  11131 5
 682613 50
  41389 51
  69041 52
  23145 53
  42408 54
  89321 55
   7881 56
 149964 57
  10198 58
  17726 59
  18125 6
110692912 60
  26218 7
  12529 8
  53269 9
