4884728 0
  22308 1
  28744 10
   9484 11
  18971 12
  26647 13
   8043 14
  46398 15
  13009 16
  21798 17
  22535 18
  35711 19
   6222 2
  45798 20
  63365 21
  78129 22
  71241 23
 136822 24
 266089 25
   9453 26
 810147 27
   6307 28
   5752 29
  45970 3
  14892 30
  18766 31
   3197 32
  49166 33
   6493 34
   6997 35
  13629 36
  24181 37
   6239 38
  62357 39
  10305 4
 983577 40
  13020 41
  44742 42
  37679 43
  30788 44
 105184 45
  49465 46
 121923 47
 176927 48
 159626 49
  11002 5
 693464 50
  45869 51
  68572 52
  22835 53
  43835 54
  90850 55
   8341 56
 149392 57
  10072 58
  18881 59
  18397 6
106192807 60
  27499 7
  12456 8
  52761 9
