5606627 0
  26151 1
  31142 10
  11289 11
  22861 12
  29432 13
   9934 14
  51666 15
  16503 16
  25549 17
  27054 18
  40917 19
   7873 2
  53335 20
  70588 21
  89385 22
  84017 23
 148576 24
 292836 25
  10263 26
 912049 27
   7032 28
   7006 29
  52807 3
  18190 30
  19844 31
   3736 32
  53666 33
   7349 34
   7945 35
  16228 36
  25539 37
   6849 38
  68229 39
  13105 4
1104033 40
  15388 41
  49209 42
  37494 43
  35971 44
 103658 45
  57207 46
 134967 47
 173283 48
 191094 49
  14030 5
 729630 50
  39522 51
  74721 52
  26209 53
  40765 54
  94027 55
   9452 56
 158759 57
  13667 58
  21229 59
  22681 6
113387944 60
  30399 7
  14640 8
  60065 9
