5136142 0
  23203 1
  29260 10
   9834 11
  19294 12
  25948 13
   7770 14
  46316 15
  13422 16
  22284 17
  22071 18
  34907 19
   6451 2
  44733 20
  63950 21
  80154 22
  75830 23
 142393 24
 276133 25
   9453 26
 856896 27
   6155 28
   6116 29
  48126 3
  15128 30
  18502 31
   3143 32
  49700 33
   6618 34
   6969 35
  14251 36
  24468 37
   6412 38
  63225 39
  10695 4
1006080 40
  12908 41
  43891 42
  34911 43
  30277 44
  99415 45
  49540 46
 121401 47
 167426 48
 162335 49
  11746 5
 699637 50
  42378 51
  68370 52
  22623 53
  41031 54
  89990 55
   8083 56
 151871 57
  10168 58
  18204 59
  18747 6
109320416 60
  28222 7
  12870 8
  55478 9
