5720105 0
  23817 1
  29743 10
  10748 11
  21610 12
  28209 13
   8762 14
  47589 15
  16402 16
  24788 17
  25368 18
  38033 19
   7248 2
  48253 20
  67921 21
  87359 22
  80656 23
 147796 24
 288308 25
   9744 26
 865481 27
   6541 28
   6028 29
  49039 3
  17801 30
  19511 31
   3438 32
  50562 33
   6725 34
   7404 35
  15700 36
  25538 37
   6292 38
  64402 39
  11680 4
1051150 40
  14628 41
  46808 42
  36462 43
  32837 44
  99058 45
  55734 46
 129475 47
 174507 48
 168109 49
  13139 5
 721465 50
  36522 51
  73626 52
  25115 53
  37213 54
  93894 55
   8840 56
 150279 57
  12925 58
  20173 59
  21452 6
108192464 60
  29291 7
  14014 8
  56081 9
