5331575 0
  23366 1
  29157 10
  10356 11
  20364 12
  28291 13
   8734 14
  47620 15
  15254 16
  24246 17
  23756 18
  38025 19
   6729 2
  48020 20
  68187 21
  87574 22
  80919 23
 145214 24
 289747 25
   9845 26
 849343 27
   6533 28
   6401 29
  48804 3
  16205 30
  19406 31
   3297 32
  50867 33
   6690 34
   7531 35
  14619 36
  25347 37
   6606 38
  64059 39
  11557 4
1063072 40
  13835 41
  46123 42
  37081 43
  31655 44
 106117 45
  52759 46
 127393 47
 179696 48
 167389 49
  12549 5
 728363 50
  45109 51
  71767 52
  23219 53
  44195 54
  95767 55
   7976 56
 154164 57
   9775 58
  18269 59
  19542 6
109946920 60
  29426 7
  13211 8
  55174 9
