4627505 0
  21812 1
  26685 10
   9482 11
  19723 12
  25245 13
   8038 14
  43701 15
  13985 16
  20569 17
  22215 18
  34158 19
   6878 2
  43503 20
  61137 21
  81526 22
  76184 23
 139861 24
 263023 25
   9261 26
 803544 27
   6015 28
   5550 29
  44515 3
  15614 30
  17439 31
   3231 32
  47378 33
   6233 34
   6765 35
  14284 36
  23375 37
   6644 38
  59515 39
  10755 4
 979517 40
  13570 41
  44770 42
  36355 43
  29802 44
 106957 45
  51108 46
 120090 47
 174505 48
 155445 49
  11358 5
 686137 50
  49708 51
  68026 52
  23189 53
  49027 54
  89489 55
   9755 56
 153836 57
  10914 58
  20401 59
  18932 6
104971160 60
  26265 7
  12834 8
  50122 9
