5666976 0
  26378 1
  32614 10
  10853 11
  22419 12
  29155 13
   8871 14
  51574 15
  15128 16
  22853 17
  25926 18
  39736 19
   7569 2
  49234 20
  70747 21
  88047 22
  82083 23
 156441 24
 321468 25
  11086 26
 947543 27
   7197 28
   6557 29
  53623 3
  18775 30
  21119 31
   3807 32
  56328 33
   7069 34
   7621 35
  16982 36
  27293 37
   7671 38
  69876 39
  12281 4
1128637 40
  15632 41
  51235 42
  39278 43
  34010 44
 115254 45
  57803 46
 141203 47
 201339 48
 188299 49
  13470 5
 800242 50
  62579 51
  80278 52
  27244 53
  69281 54
 107546 55
  11913 56
 185377 57
  13283 58
  25239 59
  22387 6
127263991 60
  32042 7
  14877 8
  60509 9
