5321229 0
  21470 1
  28431 10
   9122 11
  19032 12
  25156 13
   7407 14
  43137 15
  13398 16
  20153 17
  21826 18
  33991 19
   6296 2
  45310 20
  60891 21
  78641 22
  73732 23
 138970 24
 272837 25
   8245 26
 820661 27
   5813 28
   5618 29
  43696 3
  15032 30
  17481 31
   3060 32
  46496 33
   6256 34
   6614 35
  14150 36
  22573 37
   5543 38
  58964 39
  10564 4
 950849 40
  13268 41
  42750 42
  32955 43
  30018 44
  91943 45
  49673 46
 121013 47
 162180 48
 160219 49
  11304 5
 671392 50
  35685 51
  66429 52
  23107 53
  37394 54
  86529 55
   8352 56
 142461 57
  11351 58
  18450 59
  19252 6
103441571 60
  27018 7
  12372 8
  52372 9
