5499340 0
  23405 1
  29322 10
  10219 11
  20744 12
  26842 13
   8263 14
  44798 15
  15893 16
  26234 17
  24569 18
  37692 19
   7273 2
  49871 20
  63494 21
  82498 22
  77124 23
 141254 24
 278235 25
   9501 26
 842234 27
   6044 28
   5892 29
  46825 3
  16130 30
  18070 31
   3347 32
  47991 33
   6552 34
   6941 35
  14703 36
  23148 37
   5896 38
  61445 39
  11689 4
1001349 40
  13838 41
  44698 42
  34699 43
  31346 44
  95920 45
  52515 46
 125486 47
 166498 48
 164961 49
  12425 5
 699664 50
  35396 51
  69116 52
  23886 53
  35605 54
  88917 55
   7950 56
 144240 57
  11513 58
  18369 59
  20056 6
106722467 60
  28896 7
  14129 8
  53315 9
