5520630 0
  22813 1
  29856 10
   9743 11
  19137 12
  26985 13
   8801 14
  47629 15
  15126 16
  23560 17
  23314 18
  36437 19
   6898 2
  48566 20
  65187 21
  82800 22
  77109 23
 139079 24
 278957 25
   9752 26
 864557 27
   6348 28
   6039 29
  47633 3
  14985 30
  18231 31
   3266 32
  49284 33
   6504 34
   6941 35
  13661 36
  24347 37
   5926 38
  62481 39
  11363 4
1016076 40
  13043 41
  43734 42
  34737 43
  30447 44
  95021 45
  50049 46
 125491 47
 167133 48
 161218 49
  12257 5
 718373 50
  34669 51
  69180 52
  22780 53
  33821 54
  90649 55
   7201 56
 145683 57
  10107 58
  16487 59
  18873 6
106852757 60
  27981 7
  13332 8
  54930 9
