4781771 0
  23213 1
  27915 10
   9779 11
  20245 12
  27784 13
   9525 14
  46656 15
  13681 16
  20449 17
  23537 18
  36689 19
   6954 2
  48942 20
  62929 21
  78438 22
  73840 23
 133680 24
 262262 25
   9558 26
 824919 27
   6559 28
   6213 29
  47691 3
  17167 30
  18605 31
   3418 32
  49730 33
   6759 34
   7324 35
  14694 36
  23367 37
   7050 38
  62399 39
  11328 4
1000608 40
  14350 41
  45492 42
  37607 43
  31092 44
 105006 45
  51424 46
 121588 47
 173521 48
 163763 49
  12082 5
 669337 50
  51954 51
  68185 52
  24036 53
  55359 54
  90202 55
   9935 56
 155928 57
  11161 58
  21359 59
  19762 6
105703607 60
  27499 7
  13353 8
  53991 9
