5425878 0
  22354 1
  28884 10
   9582 11
  19532 12
  27043 13
  10218 14
  46584 15
  14633 16
  22172 17
  22470 18
  35595 19
   6864 2
  52058 20
  68948 21
  89659 22
  80375 23
 144357 24
 272917 25
   9568 26
 849787 27
   6277 28
   5993 29
  47175 3
  16058 30
  18427 31
   3442 32
  49021 33
   7071 34
   7435 35
  13756 36
  23406 37
   6232 38
  62776 39
  11032 4
1039915 40
  12961 41
  43330 42
  34020 43
  31493 44
  98690 45
  52468 46
 128299 47
 169822 48
 168106 49
  11213 5
 717980 50
  36792 51
  72188 52
  23708 53
  37380 54
  90763 55
   5902 56
 148476 57
   8468 58
  15164 59
  17833 6
111723408 60
  26411 7
  13384 8
  53452 9
