5680471 0
  22467 1
  29642 10
   9598 11
  19678 12
  25898 13
   8448 14
  45173 15
  14970 16
  25218 17
  23742 18
  34899 19
   6671 2
  49157 20
  64647 21
  82813 22
  74836 23
 138514 24
 270778 25
   9218 26
 831788 27
   6161 28
   5839 29
  45782 3
  15910 30
  18070 31
   3203 32
  47919 33
   6670 34
   6875 35
  14471 36
  23099 37
   5955 38
  60454 39
  11100 4
 992252 40
  13256 41
  43016 42
  33342 43
  30189 44
  94134 45
  50990 46
 124382 47
 165403 48
 159465 49
  11807 5
 688400 50
  36625 51
  70039 52
  23605 53
  38024 54
  88369 55
   8243 56
 145413 57
  11325 58
  17873 59
  18851 6
104086511 60
  27227 7
  14037 8
  53453 9
