5468654 0
  23996 1
  31996 10
  11294 11
  20809 12
  28112 13
   8856 14
  48303 15
  15997 16
  24294 17
  23375 18
  35099 19
   7101 2
  45096 20
  68739 21
  90231 22
  83201 23
 150190 24
 287107 25
  11080 26
 856391 27
   7430 28
   7614 29
  49249 3
  17104 30
  20083 31
   3922 32
  51416 33
   7839 34
   8140 35
  15514 36
  25670 37
   7458 38
  65362 39
  12638 4
1041914 40
  14488 41
  44918 42
  36110 43
  31948 44
  99532 45
  54327 46
 129705 47
 170572 48
 168108 49
  13823 5
 724526 50
  38308 51
  72425 52
  24039 53
  37318 54
  92246 55
   7461 56
 147778 57
  10439 58
  17188 59
  21048 6
108042919 60
  29587 7
  14138 8
  57503 9
