4661029 0
  23671 1
  29625 10
  10650 11
  20506 12
  27244 13
   8281 14
  47500 15
  14592 16
  21144 17
  23017 18
  33481 19
   6657 2
  41631 20
  65562 21
  78438 22
  78016 23
 137231 24
 266449 25
  10423 26
 815805 27
   6843 28
   6504 29
  49286 3
  17263 30
  18788 31
   3542 32
  51248 33
   6942 34
   7486 35
  14980 36
  24594 37
   7216 38
  63144 39
  11987 4
1010192 40
  14317 41
  44763 42
  36763 43
  30852 44
 106972 45
  52321 46
 122406 47
 174594 48
 164462 49
  12764 5
 671967 50
  51018 51
  69252 52
  24282 53
  51582 54
  90872 55
  10013 56
 155122 57
  12014 58
  21575 59
  20999 6
105833177 60
  28880 7
  13165 8
  56462 9
