5237220 0
  23091 1
  30499 10
  10344 11
  22325 12
  27552 13
   8675 14
  49228 15
  13873 16
  19350 17
  24429 18
  37418 19
   6954 2
  51457 20
  68831 21
  87094 22
  82364 23
 147715 24
 281658 25
  10264 26
 887561 27
   6877 28
   6573 29
  50496 3
  17550 30
  19700 31
   3625 32
  52470 33
   7029 34
   7556 35
  16285 36
  25418 37
   6808 38
  66020 39
  11837 4
1067753 40
  15096 41
  48449 42
  37358 43
  34468 44
 102728 45
  55232 46
 132763 47
 176714 48
 180149 49
  12274 5
 733236 50
  43961 51
  74202 52
  25334 53
  44884 54
  94917 55
  10001 56
 158982 57
  13107 58
  20786 59
  21284 6
112081291 60
  28397 7
  13473 8
  58059 9
