4832486 0
  21286 1
  26517 10
   9353 11
  18582 12
  23809 13
   8518 14
  43250 15
  12928 16
  18796 17
  22713 18
  35410 19
   6628 2
  48897 20
  62756 21
  82231 22
  76720 23
 136778 24
 248456 25
   9381 26
 775570 27
   6533 28
   6011 29
  44588 3
  15717 30
  17570 31
   3449 32
  46518 33
   6677 34
   7052 35
  14316 36
  23587 37
   6783 38
  58459 39
  11100 4
 934019 40
  13586 41
  42493 42
  35272 43
  29825 44
 102694 45
  49018 46
 117799 47
 170838 48
 150135 49
  11356 5
 656150 50
  51095 51
  65704 52
  22315 53
  53298 54
  87387 55
   9049 56
 148024 57
   9909 58
  19285 59
  18374 6
102975505 60
  25409 7
  12341 8
  49650 9
