5244012 0
  20415 1
  25038 10
   9338 11
  18476 12
  23111 13
   7485 14
  39684 15
  14698 16
  24925 17
  22395 18
  32765 19
   6227 2
  43991 20
  57063 21
  75495 22
  71051 23
 133885 24
 237971 25
   7948 26
 723113 27
   5886 28
   5512 29
  40623 3
  14214 30
  15842 31
   2983 32
  41515 33
   6087 34
   6403 35
  13091 36
  20258 37
   5719 38
  52666 39
  10736 4
 843698 40
  12344 41
  38715 42
  31126 43
  27428 44
  84780 45
  46270 46
 110291 47
 148057 48
 140962 49
  11311 5
 591354 50
  39319 51
  59293 52
  20718 53
  42405 54
  76561 55
   8031 56
 130078 57
  10283 58
  17750 59
  18405 6
88094950 60
  25192 7
  12118 8
  46253 9
