5214424 0
  23169 1
  27948 10
  10529 11
  19318 12
  25529 13
   8328 14
  46062 15
  16055 16
  25763 17
  23634 18
  34651 19
   6845 2
  47058 20
  64210 21
  85575 22
  80131 23
 144565 24
 269841 25
   9384 26
 824552 27
   6861 28
   6148 29
  47930 3
  16337 30
  18264 31
   3347 32
  48239 33
   7102 34
   7541 35
  14983 36
  24084 37
   6553 38
  61254 39
  12205 4
1002434 40
  14046 41
  44266 42
  37655 43
  30244 44
 108864 45
  51360 46
 124105 47
 178154 48
 157865 49
  12679 5
 692558 50
  49971 51
  69683 52
  22911 53
  50236 54
  91326 55
   9080 56
 151345 57
  10304 58
  19946 59
  20618 6
107384649 60
  28078 7
  12912 8
  53538 9
