5787386 0
  21320 1
  28190 10
  10230 11
  18490 12
  24776 13
   7469 14
  44294 15
  14206 16
  26565 17
  24259 18
  36556 19
   6450 2
  47976 20
  63612 21
  77939 22
  74784 23
 131447 24
 249700 25
   9315 26
 832167 27
   6244 28
   6110 29
  44519 3
  14576 30
  17852 31
   3260 32
  48530 33
   6635 34
   6967 35
  13630 36
  23522 37
   6163 38
  60928 39
  10932 4
 913236 40
  13422 41
  44119 42
  34800 43
  30724 44
  95552 45
  50200 46
 125325 47
 164702 48
 169084 49
  11963 5
 705970 50
  37577 51
  69441 52
  22971 53
  36837 54
  87671 55
   7244 56
 140052 57
   9998 58
  17076 59
  18150 6
107358373 60
  27342 7
  11943 8
  52130 9
