5373275 0
  23080 1
  27361 10
  10664 11
  19440 12
  26759 13
   8446 14
  46506 15
  16070 16
  29574 17
  25204 18
  38039 19
   7046 2
  50666 20
  65308 21
  83937 22
  78530 23
 136783 24
 260933 25
   9712 26
 836995 27
   6394 28
   5998 29
  47645 3
  15989 30
  18312 31
   3430 32
  49341 33
   6754 34
   7134 35
  14235 36
  23768 37
   6631 38
  62199 39
  11438 4
1000635 40
  13675 41
  44178 42
  36859 43
  29934 44
 105406 45
  50904 46
 123050 47
 173774 48
 158043 49
  12821 5
 692466 50
  47260 51
  69097 52
  22896 53
  47052 54
  90693 55
   8564 56
 150904 57
   9903 58
  18826 59
  19739 6
106593827 60
  27719 7
  12498 8
  53273 9
