5258830 0
  22289 1
  28771 10
  10218 11
  20790 12
  26116 13
   8767 14
  46896 15
  14881 16
  23125 17
  22791 18
  34954 19
   6553 2
  47028 20
  66845 21
  85025 22
  81540 23
 146179 24
 272112 25
   8950 26
 834218 27
   6627 28
   6088 29
  47767 3
  16072 30
  18885 31
   3590 32
  49117 33
   7018 34
   7283 35
  15115 36
  23998 37
   6403 38
  61404 39
  11466 4
1002907 40
  13216 41
  44500 42
  35989 43
  30129 44
 102711 45
  51373 46
 125521 47
 173967 48
 164627 49
  11914 5
 716926 50
  47661 51
  70990 52
  23597 53
  48769 54
  92645 55
   8687 56
 157141 57
  10528 58
  19178 59
  19353 6
105889000 60
  27698 7
  12876 8
  54096 9
