5658026 0
  22371 1
  29294 10
  10537 11
  20656 12
  26918 13
   9310 14
  46602 15
  16566 16
  25950 17
  23687 18
  36696 19
   6551 2
  50050 20
  67544 21
  88131 22
  83998 23
 146308 24
 270473 25
   8640 26
 847522 27
   6416 28
   6066 29
  47410 3
  16693 30
  18436 31
   3646 32
  48778 33
   7076 34
   7524 35
  14857 36
  23261 37
   6036 38
  61417 39
  12331 4
1015985 40
  14200 41
  44917 42
  35482 43
  32125 44
  97725 45
  55663 46
 128282 47
 168698 48
 166792 49
  12785 5
 706270 50
  36309 51
  70847 52
  24181 53
  36821 54
  90292 55
   8004 56
 146828 57
  11853 58
  18441 59
  19972 6
107073168 60
  28064 7
  13632 8
  54104 9
