4649021 0
  22007 1
  27975 10
   9634 11
  19569 12
  26111 13
   9420 14
  47437 15
  14015 16
  18369 17
  22922 18
  34584 19
   6763 2
  46906 20
  62423 21
  80596 22
  73391 23
 133753 24
 247347 25
   9868 26
 812714 27
   6635 28
   5940 29
  47208 3
  16255 30
  18717 31
   3359 32
  50044 33
   6871 34
   7398 35
  14351 36
  24816 37
   7013 38
  63185 39
  11221 4
1006296 40
  14213 41
  46021 42
  39022 43
  30535 44
 110924 45
  50838 46
 122520 47
 177671 48
 165020 49
  11982 5
 683809 50
  51239 51
  69883 52
  23076 53
  50251 54
  90867 55
   9596 56
 152955 57
  10377 58
  20407 59
  19231 6
105377572 60
  26364 7
  12000 8
  52820 9
