5764133 0
  23269 1
  31674 10
  10070 11
  18530 12
  26896 13
   7830 14
  48770 15
  15545 16
  24106 17
  22884 18
  38787 19
   5960 2
  52878 20
  71061 21
  93799 22
  87987 23
 152794 24
 296080 25
   9401 26
 935256 27
   6522 28
   6367 29
  48416 3
  15064 30
  19273 31
   3227 32
  52219 33
   7220 34
   7507 35
  14259 36
  25617 37
   6129 38
  67100 39
  11463 4
1054028 40
  13555 41
  45646 42
  36136 43
  31316 44
 102754 45
  53302 46
 132874 47
 179748 48
 170384 49
  12348 5
 781577 50
  35754 51
  74045 52
  23891 53
  34807 54
  95305 55
   6409 56
 155175 57
   9701 58
  15730 59
  18901 6
116562238 60
  28513 7
  13266 8
  57745 9
