5369470 0
  23183 1
  29224 10
   9787 11
  20333 12
  26744 13
   9070 14
  45957 15
  14649 16
  21287 17
  23743 18
  36367 19
   6949 2
  51755 20
  64790 21
  83553 22
  74797 23
 136514 24
 262125 25
   9418 26
 832991 27
   6390 28
   5855 29
  47245 3
  16380 30
  18457 31
   3413 32
  49149 33
   6550 34
   7046 35
  14453 36
  23543 37
   6201 38
  61174 39
  11732 4
1005725 40
  14149 41
  44572 42
  35114 43
  31866 44
  94920 45
  52783 46
 124650 47
 164261 48
 170422 49
  12127 5
 674219 50
  39189 51
  68433 52
  24490 53
  41604 54
  88070 55
   8860 56
 146688 57
  12192 58
  19317 59
  20260 6
102794072 60
  27386 7
  13245 8
  54460 9
