5038226 0
  23449 1
  29058 10
  10859 11
  20125 12
  25883 13
   8892 14
  48073 15
  15958 16
  22817 17
  23821 18
  35471 19
   7176 2
  45601 20
  67163 21
  88106 22
  84778 23
 147334 24
 263650 25
   9175 26
 844587 27
   6778 28
   6887 29
  48771 3
  16685 30
  18740 31
   3382 32
  49552 33
   7393 34
   7666 35
  14733 36
  24651 37
   6641 38
  63619 39
  12198 4
1028028 40
  14549 41
  46347 42
  37782 43
  31631 44
 108576 45
  53049 46
 125059 47
 176326 48
 167360 49
  13157 5
 692710 50
  50840 51
  69708 52
  24019 53
  51364 54
  91626 55
   9139 56
 154747 57
  10523 58
  20071 59
  19975 6
107629663 60
  27448 7
  12883 8
  54118 9
