5318694 0
  23746 1
  29902 10
  10157 11
  20123 12
  26989 13
   8579 14
  48708 15
  14775 16
  18759 17
  21574 18
  37192 19
   6523 2
  49950 20
  67619 21
  84151 22
  78687 23
 146811 24
 291795 25
   9697 26
 878721 27
   6939 28
   6355 29
  49513 3
  16493 30
  19190 31
   3487 32
  51580 33
   6843 34
   7232 35
  14684 36
  25438 37
   6833 38
  65342 39
  11571 4
1055971 40
  13751 41
  46325 42
  37121 43
  30587 44
 104406 45
  52378 46
 130087 47
 178124 48
 165690 49
  11993 5
 740543 50
  44117 51
  72162 52
  23739 53
  42273 54
  93247 55
   7745 56
 156739 57
   9953 58
  18024 59
  19580 6
109204374 60
  29367 7
  13834 8
  56670 9
