5607986 0
  23929 1
  30182 10
  10194 11
  21127 12
  28778 13
   8758 14
  46549 15
  15986 16
  24591 17
  24649 18
  37678 19
   6620 2
  47534 20
  65348 21
  85918 22
  79907 23
 155129 24
 291165 25
   9481 26
 844391 27
   6716 28
   6599 29
  47059 3
  16841 30
  19169 31
   3398 32
  49050 33
   7001 34
   7335 35
  14910 36
  23966 37
   6342 38
  62268 39
  11637 4
1029513 40
  14101 41
  45768 42
  36609 43
  30965 44
 101215 45
  52524 46
 129284 47
 175728 48
 156136 49
  12679 5
 725537 50
  39162 51
  70886 52
  23018 53
  38833 54
  93011 55
   7678 56
 145896 57
  10731 58
  18170 59
  20529 6
105973661 60
  30541 7
  14215 8
  53395 9
