4711731 0
  23277 1
  27076 10
   9753 11
  19720 12
  26990 13
   8991 14
  45530 15
  12616 16
  19836 17
  22704 18
  35416 19
   7066 2
  48158 20
  64856 21
  82591 22
  76292 23
 136842 24
 269570 25
   9231 26
 831961 27
   6073 28
   5830 29
  46874 3
  15796 30
  17689 31
   3434 32
  48058 33
   6574 34
   6766 35
  14021 36
  21597 37
   6293 38
  61394 39
  11070 4
1023131 40
  13537 41
  44374 42
  35939 43
  31531 44
 103390 45
  51296 46
 122642 47
 171566 48
 172252 49
  12386 5
 678286 50
  46880 51
  68105 52
  23185 53
  48100 54
  88825 55
   8673 56
 153081 57
  10660 58
  19478 59
  19403 6
107972588 60
  26686 7
  12476 8
  52838 9
