4286243 0
  18625 1
  22094 10
   8048 11
  16784 12
  22362 13
   7780 14
  38628 15
  11741 16
  20400 17
  19832 18
  30075 19
   5384 2
  40948 20
  53055 21
  67540 22
  62988 23
 116500 24
 227874 25
   8205 26
 683245 27
   5161 28
   4879 29
  38677 3
  12622 30
  15603 31
   2697 32
  40745 33
   5616 34
   5867 35
  11823 36
  21265 37
   5853 38
  51298 39
   8924 4
 813177 40
  11053 41
  37042 42
  31130 43
  24184 44
  88818 45
  40811 46
 102183 47
 148444 48
 131662 49
   9828 5
 590018 50
  43418 51
  57977 52
  19046 53
  42350 54
  76462 55
   7232 56
 128861 57
   7996 58
  16009 59
  15787 6
90041512 60
  22724 7
  10824 8
  43181 9
