5461118 0
  25082 1
  30168 10
  11092 11
  22528 12
  29224 13
  10019 14
  46827 15
  15801 16
  22439 17
  24801 18
  37797 19
   8238 2
  49162 20
  66832 21
  85421 22
  79240 23
 143189 24
 274031 25
  10964 26
 804201 27
   7549 28
   6981 29
  49356 3
  17273 30
  20135 31
   4160 32
  49627 33
   7844 34
   7845 35
  16357 36
  25751 37
   7736 38
  63048 39
  13303 4
 991272 40
  14714 41
  44782 42
  36746 43
  30935 44
  97052 45
  52311 46
 123986 47
 167540 48
 147374 49
  13786 5
 701742 50
  37807 51
  70067 52
  23797 53
  37808 54
  90178 55
   8634 56
 142119 57
  11622 58
  18942 59
  22427 6
102364332 60
  31048 7
  15081 8
  55108 9
