5555936 0
  26028 1
  35645 10
  11335 11
  21649 12
  29074 13
   9899 14
  51688 15
  14506 16
  21748 17
  23410 18
  37701 19
   7812 2
  53579 20
  72018 21
  88489 22
  83804 23
 145662 24
 286521 25
  10209 26
 909750 27
   6773 28
   6846 29
  52864 3
  16699 30
  20181 31
   3657 32
  52727 33
   7154 34
   7458 35
  15316 36
  25769 37
   7172 38
  66836 39
  13613 4
1073917 40
  14218 41
  45592 42
  35284 43
  33177 44
 101100 45
  55037 46
 131140 47
 169090 48
 182406 49
  13953 5
 719052 50
  40348 51
  72628 52
  24265 53
  41161 54
  91964 55
   8365 56
 155579 57
  11227 58
  19073 59
  21306 6
111716117 60
  31272 7
  14551 8
  62361 9
