4857234 0
  22936 1
  30472 10
   9843 11
  19185 12
  26398 13
   9009 14
  45843 15
  13022 16
  17741 17
  21980 18
  34751 19
   7441 2
  48109 20
  64750 21
  78484 22
  73666 23
 134184 24
 255704 25
   9377 26
 808188 27
   6436 28
   5708 29
  47232 3
  15706 30
  18057 31
   3559 32
  47127 33
   6488 34
   6540 35
  14296 36
  23291 37
   6498 38
  59376 39
  11950 4
 963405 40
  13142 41
  41388 42
  32114 43
  30128 44
  93400 45
  51054 46
 118538 47
 157236 48
 166268 49
  12205 5
 639164 50
  51909 51
  65953 52
  22042 53
  60471 54
  85312 55
   8695 56
 154450 57
  10194 58
  19909 59
  19759 6
102252575 60
  27945 7
  13364 8
  54393 9
