5708647 0
  24288 1
  32648 10
  11016 11
  21282 12
  28520 13
   9713 14
  49304 15
  17993 16
  28351 17
  24449 18
  39396 19
   7509 2
  51858 20
  68500 21
  88808 22
  80532 23
 146305 24
 297602 25
  10432 26
 900617 27
   6887 28
   6582 29
  49837 3
  16342 30
  19736 31
   3766 32
  52412 33
   7235 34
   7426 35
  14782 36
  25499 37
   6764 38
  64815 39
  12668 4
1063042 40
  14201 41
  46496 42
  36907 43
  31586 44
 103059 45
  53282 46
 132014 47
 177648 48
 171068 49
  13539 5
 746357 50
  41956 51
  73841 52
  24097 53
  41846 54
  96061 55
   8170 56
 157280 57
  10584 58
  18258 59
  20467 6
112102884 60
  29938 7
  14659 8
  57943 9
