5062093 0
  22327 1
  29609 10
   9613 11
  19853 12
  26760 13
   9458 14
  46281 15
  15898 16
  24819 17
  23005 18
  37096 19
   7192 2
  48467 20
  63664 21
  81487 22
  72959 23
 137770 24
 270009 25
   9888 26
 815671 27
   6147 28
   5650 29
  46117 3
  14928 30
  17793 31
   3292 32
  47734 33
   6773 34
   6728 35
  13709 36
  22901 37
   6523 38
  60253 39
  11655 4
 956821 40
  13188 41
  43774 42
  36856 43
  28601 44
 108663 45
  48223 46
 118479 47
 174323 48
 158246 49
  11758 5
 668269 50
  51610 51
  66705 52
  21717 53
  51376 54
  88844 55
   9391 56
 152229 57
   9580 58
  19503 59
  18538 6
104234362 60
  27446 7
  13460 8
  53912 9
