4828455 0
  21777 1
  28057 10
   9312 11
  18690 12
  25363 13
   8907 14
  43697 15
  13664 16
  21785 17
  23147 18
  35247 19
   6567 2
  48759 20
  61384 21
  80440 22
  74788 23
 137096 24
 265649 25
   9311 26
 787450 27
   6428 28
   5867 29
  44932 3
  15411 30
  17706 31
   3379 32
  46795 33
   6633 34
   6951 35
  14594 36
  22714 37
   6653 38
  57110 39
  10759 4
 946806 40
  13456 41
  42313 42
  35033 43
  29313 44
  95568 45
  48414 46
 118986 47
 165699 48
 156436 49
  12006 5
 659442 50
  50971 51
  65684 52
  22182 53
  55236 54
  88541 55
   8530 56
 151908 57
   9637 58
  18671 59
  18288 6
106258752 60
  27017 7
  13030 8
  51011 9
