4678262 0
  19723 1
  26040 10
   8412 11
  17879 12
  22738 13
   7488 14
  40255 15
  12448 16
  18596 17
  20307 18
  31160 19
   5640 2
  41623 20
  56188 21
  71592 22
  66759 23
 122931 24
 236480 25
   8105 26
 719480 27
   5640 28
   5232 29
  41247 3
  14184 30
  16220 31
   2941 32
  41722 33
   5880 34
   6279 35
  13219 36
  20672 37
   5938 38
  53180 39
   9538 4
 852325 40
  12424 41
  38482 42
  30886 43
  26971 44
  85868 45
  45426 46
 106177 47
 149380 48
 145839 49
  10599 5
 579407 50
  39105 51
  58185 52
  20315 53
  39931 54
  76516 55
   8057 56
 129009 57
  10255 58
  17603 59
  17666 6
89053383 60
  24772 7
  11892 8
  47363 9
