5360706 0
  23049 1
  29858 10
  10226 11
  19691 12
  25813 13
   8002 14
  46410 15
  14034 16
  21872 17
  23453 18
  36548 19
   6614 2
  49757 20
  67665 21
  82539 22
  77312 23
 141062 24
 272960 25
   9627 26
 848242 27
   6774 28
   6470 29
  47954 3
  16007 30
  19011 31
   3462 32
  49175 33
   6834 34
   7312 35
  14595 36
  23949 37
   6500 38
  61698 39
  11566 4
 988812 40
  13754 41
  44422 42
  35767 43
  31075 44
  99588 45
  50396 46
 122778 47
 168266 48
 164169 49
  12246 5
 705632 50
  44357 51
  69501 52
  22964 53
  43353 54
  90618 55
   8535 56
 153745 57
  10361 58
  18274 59
  19318 6
107046086 60
  28124 7
  14028 8
  55400 9
