5200991 0
  24057 1
  30576 10
  10099 11
  19712 12
  26580 13
   8253 14
  46659 15
  14254 16
  17925 17
  22237 18
  37003 19
   7025 2
  50569 20
  68835 21
  87427 22
  80839 23
 145584 24
 283198 25
   9931 26
 833899 27
   7060 28
   6916 29
  48671 3
  16377 30
  19454 31
   3622 32
  50059 33
   6962 34
   7646 35
  15291 36
  25487 37
   6975 38
  62283 39
  12241 4
 999685 40
  13798 41
  44822 42
  38136 43
  31294 44
 108748 45
  50517 46
 124654 47
 180330 48
 164656 49
  12441 5
 707542 50
  54277 51
  70223 52
  23137 53
  54310 54
  94720 55
   9096 56
 159260 57
   9806 58
  20179 59
  20081 6
107138522 60
  30067 7
  14337 8
  55427 9
