5278276 0
  24461 1
  32047 10
  10316 11
  21367 12
  28224 13
   8548 14
  50095 15
  14690 16
  21338 17
  23199 18
  37696 19
   6877 2
  49478 20
  69205 21
  85491 22
  78961 23
 139389 24
 286007 25
   9998 26
 899903 27
   6762 28
   6896 29
  50451 3
  17196 30
  19467 31
   3883 32
  52156 33
   7234 34
   7652 35
  15100 36
  24434 37
   6840 38
  66621 39
  11829 4
1081816 40
  14712 41
  47656 42
  37516 43
  34320 44
 104532 45
  54834 46
 132914 47
 171852 48
 184362 49
  12626 5
 715307 50
  45658 51
  73311 52
  24868 53
  47123 54
  94494 55
   9560 56
 160832 57
  12269 58
  20569 59
  20934 6
111017539 60
  29248 7
  14093 8
  58852 9
