5050201 0
  22576 1
  30434 10
   8831 11
  17922 12
  25847 13
   7438 14
  47356 15
  13035 16
  18359 17
  19862 18
  34876 19
   5497 2
  44414 20
  67034 21
  85386 22
  78699 23
 138957 24
 289287 25
   9028 26
 914856 27
   5919 28
   5869 29
  48391 3
  14658 30
  18310 31
   3078 32
  51037 33
   6496 34
   7328 35
  12991 36
  23832 37
   5615 38
  65268 39
  10186 4
1053623 40
  12666 41
  45614 42
  35029 43
  31519 44
 100068 45
  52227 46
 132908 47
 170614 48
 179003 49
  10651 5
 751987 50
  37659 51
  73205 52
  23248 53
  37855 54
  94357 55
   5702 56
 157253 57
   8517 58
  15597 59
  17027 6
113596664 60
  27793 7
  12905 8
  56395 9
