4352660 0
  20929 1
  25077 10
   8919 11
  18991 12
  23642 13
   7055 14
  40703 15
  12681 16
  19719 17
  22301 18
  32809 19
   5863 2
  41200 20
  57492 21
  72696 22
  66424 23
 122573 24
 243863 25
   8167 26
 708696 27
   5658 28
   5256 29
  40685 3
  14876 30
  16676 31
   2854 32
  41647 33
   5823 34
   6333 35
  14054 36
  21508 37
   5547 38
  54068 39
  10565 4
 852949 40
  13992 41
  43486 42
  36573 43
  30383 44
  98479 45
  48767 46
 112815 47
 167936 48
 158458 49
  11432 5
 561581 50
  49291 51
  59953 52
  22241 53
  54022 54
  80301 55
  11559 56
 137224 57
  14037 58
  23338 59
  18934 6
89876265 60
  25418 7
  11980 8
  47644 9
