5076802 0
  20836 1
  27247 10
   9427 11
  18194 12
  23856 13
   7367 14
  41025 15
  13690 16
  23029 17
  22135 18
  32484 19
   5908 2
  43561 20
  58367 21
  75339 22
  69658 23
 128666 24
 245383 25
   8244 26
 742511 27
   5637 28
   5651 29
  41686 3
  14309 30
  16797 31
   2994 32
  43365 33
   6006 34
   6452 35
  13117 36
  21247 37
   5441 38
  53801 39
  10606 4
 874599 40
  12306 41
  39883 42
  31192 43
  28980 44
  85517 45
  46817 46
 112174 47
 148378 48
 151017 49
  11899 5
 603985 50
  35469 51
  60349 52
  21300 53
  37108 54
  78841 55
   7686 56
 129848 57
  10490 58
  17069 59
  18271 6
92219782 60
  25226 7
  12167 8
  47901 9
