5781126 0
  23780 1
  33778 10
  11106 11
  20948 12
  27069 13
   8781 14
  47811 15
  14944 16
  26004 17
  24958 18
  36578 19
   6911 2
  50222 20
  67184 21
  83827 22
  77637 23
 142505 24
 279769 25
  10151 26
 843751 27
   6751 28
   6463 29
  47754 3
  16179 30
  18715 31
   3816 32
  49608 33
   7015 34
   7204 35
  15025 36
  24361 37
   6454 38
  63200 39
  12181 4
 992180 40
  14157 41
  44846 42
  35418 43
  32094 44
  97156 45
  52322 46
 126233 47
 168695 48
 170970 49
  13300 5
 674964 50
  40988 51
  69162 52
  23703 53
  41731 54
  87874 55
   8564 56
 147805 57
  11608 58
  19480 59
  21153 6
103103920 60
  30009 7
  15104 8
  57246 9
