5323687 0
  20994 1
  30485 10
   9511 11
  17444 12
  24774 13
   7797 14
  42706 15
  12863 16
  21871 17
  20867 18
  31814 19
   6090 2
  45707 20
  61776 21
  80062 22
  74401 23
 131903 24
 261656 25
   8925 26
 778607 27
   5978 28
   5532 29
  43897 3
  13987 30
  16718 31
   3235 32
  45876 33
   6252 34
   6674 35
  12743 36
  22545 37
   5935 38
  58123 39
  10516 4
 919747 40
  11349 41
  39604 42
  32006 43
  27764 44
  92540 45
  46085 46
 114660 47
 156813 48
 156091 49
  11535 5
 641542 50
  41739 51
  64296 52
  20271 53
  40180 54
  82374 55
   6286 56
 140003 57
   7712 58
  15318 59
  17041 6
98333786 60
  26287 7
  12809 8
  51481 9
