5480547 0
  22927 1
  30759 10
   9798 11
  18627 12
  26776 13
   8018 14
  49247 15
  14622 16
  21947 17
  22382 18
  38913 19
   6286 2
  53006 20
  72334 21
  94890 22
  88046 23
 160061 24
 311311 25
   9547 26
 953822 27
   6303 28
   6227 29
  49835 3
  15367 30
  19440 31
   3477 32
  53494 33
   6633 34
   7422 35
  14545 36
  24908 37
   6155 38
  69322 39
  11099 4
1098391 40
  13325 41
  46504 42
  37079 43
  31706 44
 105609 45
  54658 46
 137077 47
 187383 48
 174022 49
  11662 5
 809046 50
  38637 51
  77390 52
  24298 53
  38431 54
 100479 55
   6231 56
 160624 57
   8994 58
  16131 59
  18244 6
121828203 60
  28688 7
  13738 8
  55553 9
