5133396 0
  21690 1
  28429 10
   9360 11
  18230 12
  25256 13
   8201 14
  45417 15
  13336 16
  19136 17
  20410 18
  35046 19
   5891 2
  49016 20
  66054 21
  85698 22
  80279 23
 147765 24
 281789 25
   9113 26
 856730 27
   6054 28
   5954 29
  47000 3
  15525 30
  18052 31
   3468 32
  49255 33
   6515 34
   6773 35
  14250 36
  23203 37
   6026 38
  63264 39
  10169 4
1025421 40
  12869 41
  44013 42
  35661 43
  30006 44
 103943 45
  52048 46
 126377 47
 177504 48
 163551 49
  10719 5
 737518 50
  44413 51
  72467 52
  23063 53
  43721 54
  93400 55
   7132 56
 152668 57
   8636 58
  16700 59
  17259 6
111066523 60
  26511 7
  12947 8
  51696 9
