5295699 0
  21370 1
  28030 10
   9093 11
  18872 12
  24993 13
   8545 14
  43270 15
  14728 16
  24031 17
  21894 18
  34060 19
   6838 2
  48469 20
  61939 21
  78045 22
  71520 23
 127504 24
 244003 25
   9181 26
 770321 27
   5946 28
   5987 29
  43828 3
  14991 30
  17272 31
   3057 32
  45899 33
   6297 34
   6592 35
  14020 36
  21691 37
   6141 38
  57746 39
  10636 4
 930463 40
  13076 41
  41365 42
  32930 43
  29098 44
  90316 45
  48118 46
 113461 47
 156496 48
 150653 49
  11438 5
 633192 50
  38541 51
  63260 52
  21808 53
  39215 54
  82932 55
   8426 56
 138618 57
  11095 58
  18487 59
  18325 6
95505916 60
  26049 7
  12906 8
  51667 9
