5594937 0
  23348 1
  30721 10
  10277 11
  18551 12
  27228 13
   9307 14
  48227 15
  15852 16
  25402 17
  21838 18
  37701 19
   6972 2
  54275 20
  69208 21
  90437 22
  82892 23
 145124 24
 277641 25
  10289 26
 869838 27
   6582 28
   6489 29
  48895 3
  15229 30
  18678 31
   3386 32
  50932 33
   7073 34
   7595 35
  13863 36
  24573 37
   6639 38
  64791 39
  11609 4
1039633 40
  12829 41
  44072 42
  35655 43
  30166 44
 101125 45
  51478 46
 127314 47
 172178 48
 161941 49
  12302 5
 741483 50
  40414 51
  71959 52
  22717 53
  38347 54
  93412 55
   5998 56
 152377 57
   8538 58
  15723 59
  18088 6
110674456 60
  28020 7
  13458 8
  55749 9
