5374965 0
  23161 1
  29045 10
   9680 11
  18750 12
  27029 13
   9923 14
  45496 15
  14854 16
  19616 17
  21654 18
  39417 19
   7630 2
  60495 20
  70043 21
  92472 22
  83072 23
 145696 24
 276031 25
   9829 26
 818639 27
   6366 28
   6445 29
  46445 3
  15215 30
  18552 31
   3587 32
  47965 33
   6903 34
   7266 35
  13949 36
  24012 37
   6368 38
  60647 39
  11695 4
1001278 40
  13441 41
  44596 42
  36779 43
  30497 44
 101931 45
  49938 46
 125032 47
 171682 48
 160669 49
  11998 5
 700216 50
  41234 51
  69480 52
  22187 53
  40486 54
  89885 55
   6537 56
 142951 57
   8420 58
  16211 59
  17941 6
104069967 60
  27650 7
  13679 8
  52907 9
