5362130 0
  21819 1
  28412 10
   9469 11
  18825 12
  25139 13
   8700 14
  45055 15
  14559 16
  21219 17
  22235 18
  35825 19
   6919 2
  52166 20
  64968 21
  83929 22
  75814 23
 135373 24
 265592 25
   8783 26
 824480 27
   5822 28
   5634 29
  45660 3
  14903 30
  17705 31
   3247 32
  47377 33
   6122 34
   6526 35
  13398 36
  23462 37
   5831 38
  60271 39
  11002 4
 984327 40
  13212 41
  43355 42
  33278 43
  30101 44
  93081 45
  50009 46
 122464 47
 163276 48
 160526 49
  11747 5
 679234 50
  34901 51
  67459 52
  22986 53
  34575 54
  86443 55
   7662 56
 141685 57
  10987 58
  17783 59
  18798 6
103426831 60
  26669 7
  13006 8
  53712 9
