5431557 0
  21858 1
  28933 10
   9686 11
  19229 12
  26925 13
   8804 14
  46951 15
  14220 16
  24387 17
  22051 18
  36348 19
   6381 2
  51050 20
  65714 21
  86727 22
  78992 23
 138216 24
 263866 25
   9649 26
 826135 27
   6116 28
   5807 29
  46691 3
  15105 30
  18232 31
   3231 32
  48863 33
   6604 34
   7032 35
  13554 36
  24152 37
   6644 38
  62199 39
  10957 4
 997011 40
  13014 41
  43613 42
  36276 43
  29701 44
 105356 45
  49788 46
 121706 47
 171590 48
 165055 49
  12197 5
 684856 50
  46072 51
  68403 52
  21884 53
  44931 54
  88147 55
   7418 56
 148724 57
   8725 58
  17516 59
  18279 6
104038252 60
  27455 7
  12835 8
  53874 9
