5126506 0
  20631 1
  27180 10
   9221 11
  19591 12
  24510 13
   8008 14
  42952 15
  13722 16
  22998 17
  22783 18
  33699 19
   6232 2
  47294 20
  60123 21
  76298 22
  68450 23
 124815 24
 240571 25
   8952 26
 751146 27
   5822 28
   5579 29
  44292 3
  14982 30
  16468 31
   3019 32
  44573 33
   5986 34
   6430 35
  13452 36
  22121 37
   5929 38
  55646 39
  10973 4
 908831 40
  13263 41
  41127 42
  32742 43
  29047 44
  90651 45
  47594 46
 110793 47
 154701 48
 151896 49
  11649 5
 608223 50
  42019 51
  63323 52
  21620 53
  44313 54
  79946 55
   9038 56
 136655 57
  11422 58
  18777 59
  18799 6
93263196 60
  26232 7
  12778 8
  51388 9
