5257839 0
  22228 1
  27733 10
   9890 11
  19685 12
  25504 13
   8163 14
  44287 15
  15053 16
  24104 17
  23810 18
  36460 19
   6776 2
  46470 20
  62025 21
  81141 22
  73506 23
 134791 24
 257464 25
   8803 26
 798674 27
   6467 28
   5784 29
  44962 3
  15565 30
  17368 31
   3300 32
  46195 33
   6745 34
   6622 35
  14030 36
  22089 37
   5939 38
  58029 39
  11402 4
 953929 40
  13546 41
  42728 42
  33358 43
  30207 44
  90876 45
  51656 46
 120159 47
 159890 48
 157086 49
  12364 5
 661071 50
  32843 51
  65529 52
  23152 53
  33252 54
  84769 55
   7745 56
 136529 57
  11425 58
  17732 59
  19307 6
101240194 60
  27104 7
  12736 8
  51823 9
