5510296 0
  22882 1
  28213 10
  10128 11
  19807 12
  27611 13
   9453 14
  46037 15
  15080 16
  24605 17
  23553 18
  35588 19
   7213 2
  48496 20
  64802 21
  88853 22
  81055 23
 145449 24
 270710 25
   9631 26
 821396 27
   6391 28
   5825 29
  46447 3
  14868 30
  18500 31
   3360 32
  48455 33
   6972 34
   7501 35
  13711 36
  23377 37
   6810 38
  61185 39
  11711 4
 980204 40
  12345 41
  41865 42
  34217 43
  28778 44
  99707 45
  49587 46
 121701 47
 170257 48
 155935 49
  12543 5
 700490 50
  45834 51
  67758 52
  22277 53
  46204 54
  89678 55
   6944 56
 149824 57
   8169 58
  16408 59
  18520 6
102121473 60
  27290 7
  12990 8
  52413 9
