3933261 0
  21923 1
  25563 10
   9025 11
  17669 12
  23447 13
   7931 14
  41412 15
  12035 16
  13930 17
  19166 18
  32941 19
   7114 2
  39620 20
  56703 21
  70504 22
  68891 23
 123390 24
 243527 25
   8226 26
 716563 27
   6137 28
   5727 29
  42973 3
  15418 30
  17209 31
   3200 32
  43531 33
   6037 34
   6482 35
  13571 36
  21456 37
   5947 38
  54582 39
  10776 4
 908136 40
  12737 41
  40542 42
  32662 43
  28255 44
  90019 45
  45352 46
 111574 47
 156200 48
 155832 49
  11264 5
 592241 50
  45693 51
  60353 52
  21435 53
  51727 54
  81278 55
   8810 56
 138696 57
  10360 58
  19277 59
  17893 6
93540791 60
  25350 7
  11887 8
  46779 9
