5607445 0
  20135 1
  28974 10
   9287 11
  16981 12
  22897 13
   7873 14
  38662 15
  12773 16
  18655 17
  19182 18
  30642 19
   6438 2
  41485 20
  54266 21
  70967 22
  68051 23
 119893 24
 224342 25
   8580 26
 694528 27
   5876 28
   5793 29
  39751 3
  13560 30
  15787 31
   3205 32
  40870 33
   5852 34
   6550 35
  11983 36
  20177 37
   5861 38
  52561 39
  10523 4
 819975 40
  10966 41
  35643 42
  28453 43
  24603 44
  79410 45
  41555 46
 103276 47
 138637 48
 128481 49
  11480 5
 591535 50
  29708 51
  57983 52
  18738 53
  29662 54
  74300 55
   5293 56
 116938 57
   7282 58
  13318 59
  16984 6
87481429 60
  24559 7
  13211 8
  46074 9
