4703727 0
  21764 1
  26866 10
   8591 11
  17437 12
  24760 13
   7514 14
  41822 15
  13134 16
  20780 17
  19192 18
  32656 19
   5094 2
  39627 20
  59024 21
  72551 22
  67964 23
 126796 24
 272429 25
   8655 26
 755169 27
   5647 28
   5571 29
  42959 3
  13932 30
  17291 31
   2738 32
  44739 33
   5755 34
   6322 35
  12215 36
  22424 37
   5585 38
  57294 39
   9253 4
 901592 40
  11436 41
  38884 42
  31253 43
  25861 44
  88551 45
  44569 46
 114091 47
 156424 48
 147539 49
  10418 5
 645897 50
  41791 51
  63748 52
  20058 53
  42011 54
  84052 55
   6179 56
 138219 57
   7855 58
  15584 59
  16462 6
95343124 60
  25746 7
  11882 8
  48709 9
