5432177 0
  22662 1
  28648 10
  10301 11
  20135 12
  25952 13
   8156 14
  45351 15
  15020 16
  24613 17
  23678 18
  34185 19
   6607 2
  46644 20
  63553 21
  79436 22
  76986 23
 139258 24
 255275 25
   9322 26
 810983 27
   6287 28
   6352 29
  46805 3
  15885 30
  18174 31
   3411 32
  47305 33
   6455 34
   7105 35
  14844 36
  23464 37
   6445 38
  60381 39
  11001 4
 983157 40
  13645 41
  43111 42
  34322 43
  30452 44
  93766 45
  51805 46
 120986 47
 162250 48
 157970 49
  12539 5
 659666 50
  41185 51
  66039 52
  23732 53
  44093 54
  86000 55
   9202 56
 146091 57
  11864 58
  19770 59
  19992 6
100646627 60
  26719 7
  12669 8
  52288 9
