5059131 0
  22339 1
  26395 10
  10256 11
  18318 12
  26106 13
   8327 14
  44215 15
  14946 16
  24510 17
  21709 18
  33369 19
   6258 2
  45822 20
  62509 21
  81339 22
  78330 23
 137415 24
 254583 25
   8563 26
 789728 27
   6277 28
   6468 29
  46098 3
  15968 30
  17070 31
   3288 32
  46832 33
   6537 34
   6977 35
  13573 36
  22733 37
   6087 38
  59161 39
  10668 4
 978125 40
  13103 41
  41116 42
  33546 43
  29342 44
  94117 45
  50555 46
 119350 47
 156618 48
 161024 49
  12542 5
 647817 50
  42911 51
  66417 52
  22201 53
  44502 54
  84895 55
   7150 56
 142253 57
   9004 58
  17754 59
  18253 6
101088953 60
  26071 7
  11838 8
  51007 9
