5287637 0
  23655 1
  29834 10
   9819 11
  20016 12
  28322 13
   8682 14
  48788 15
  15350 16
  26219 17
  22756 18
  40017 19
   6583 2
  50215 20
  70064 21
  90626 22
  80432 23
 148330 24
 293530 25
   9876 26
 882489 27
   6720 28
   6233 29
  50061 3
  16589 30
  19257 31
   3717 32
  52808 33
   7318 34
   7537 35
  14448 36
  25031 37
   6628 38
  67060 39
  11136 4
1083314 40
  14279 41
  47275 42
  38078 43
  33384 44
 107467 45
  55162 46
 134887 47
 181346 48
 179032 49
  12373 5
 731302 50
  48924 51
  73443 52
  24148 53
  48310 54
  95370 55
   7853 56
 159793 57
   9525 58
  18662 59
  18548 6
111366771 60
  29190 7
  13696 8
  57914 9
