5735339 0
  23231 1
  29060 10
  10031 11
  21079 12
  30020 13
  10666 14
  47638 15
  14615 16
  22390 17
  22608 18
  35226 19
   6488 2
  50215 20
  67769 21
  92928 22
  88389 23
 154912 24
 276536 25
   9265 26
 839797 27
   6673 28
   5969 29
  46643 3
  16345 30
  18798 31
   3310 32
  48552 33
   7140 34
   7571 35
  14991 36
  24560 37
   6611 38
  61296 39
  11096 4
1023039 40
  13559 41
  43640 42
  36069 43
  31057 44
 102309 45
  54124 46
 129311 47
 173282 48
 163827 49
  12095 5
 708882 50
  44011 51
  71501 52
  23598 53
  44922 54
  91718 55
   7015 56
 149768 57
   8965 58
  17204 59
  18570 6
104961040 60
  27686 7
  12979 8
  54282 9
