5473722 0
  22037 1
  28963 10
   9327 11
  18448 12
  27204 13
  10137 14
  44719 15
  14795 16
  23193 17
  22413 18
  34694 19
   5953 2
  46896 20
  62784 21
  82311 22
  76552 23
 136326 24
 249308 25
   8892 26
 768396 27
   5938 28
   5486 29
  44659 3
  14715 30
  16996 31
   3396 32
  45454 33
   6502 34
   6797 35
  13153 36
  22374 37
   6324 38
  57163 39
  10745 4
 932795 40
  12166 41
  39732 42
  32072 43
  30072 44
  87411 45
  49171 46
 113374 47
 147781 48
 161178 49
  11646 5
 602612 50
  37119 51
  61865 52
  21812 53
  42075 54
  80791 55
   6396 56
 140314 57
   8990 58
  16601 59
  17676 6
94480931 60
  26147 7
  12107 8
  49935 9
