5802800 0
  25731 1
  31846 10
  11345 11
  22483 12
  28935 13
   9268 14
  50201 15
  16959 16
  28861 17
  27485 18
  40498 19
   7748 2
  53526 20
  70868 21
  90634 22
  81800 23
 150302 24
 301339 25
  10612 26
 907203 27
   7186 28
   6742 29
  51938 3
  17766 30
  20415 31
   3759 32
  52466 33
   7314 34
   7484 35
  15916 36
  26153 37
   6995 38
  67251 39
  12984 4
1084021 40
  15196 41
  48287 42
  37916 43
  34378 44
 101772 45
  55783 46
 133891 47
 177605 48
 183132 49
  13860 5
 740454 50
  39387 51
  74307 52
  25275 53
  40265 54
  95145 55
   9134 56
 155769 57
  12267 58
  19805 59
  21994 6
112297078 60
  30632 7
  15230 8
  60026 9
