4920460 0
  19054 1
  25034 10
   8460 11
  16777 12
  21976 13
   7160 14
  40881 15
  12567 16
  22746 17
  21509 18
  33727 19
   5309 2
  44464 20
  58044 21
  74234 22
  68416 23
 121268 24
 238341 25
   8145 26
 778425 27
   5498 28
   5289 29
  40989 3
  13049 30
  16363 31
   2848 32
  45468 33
   5752 34
   6193 35
  12361 36
  21328 37
   5569 38
  56993 39
   9081 4
 861575 40
  12770 41
  43144 42
  35557 43
  28246 44
 100913 45
  47382 46
 115777 47
 166188 48
 155735 49
  10244 5
 672799 50
  43430 51
  65889 52
  20672 53
  40234 54
  83699 55
   8016 56
 137621 57
   9487 58
  17244 59
  15922 6
109393437 60
  23702 7
  11106 8
  47156 9
