5335407 0
  26440 1
  30219 10
  11481 11
  23689 12
  30318 13
  11087 14
  50637 15
  16468 16
  28120 17
  27995 18
  40315 19
   8105 2
  53569 20
  71563 21
  93591 22
  84659 23
 156003 24
 310432 25
   9674 26
 870377 27
   7241 28
   6469 29
  52718 3
  20272 30
  19716 31
   4080 32
  51656 33
   7508 34
   7849 35
  17609 36
  25727 37
   7080 38
  66131 39
  13473 4
1119638 40
  17172 41
  50926 42
  40232 43
  39242 44
 105365 45
  63676 46
 141376 47
 179226 48
 207550 49
  14106 5
 691370 50
  45975 51
  76609 52
  28669 53
  55874 54
  97945 55
  11288 56
 168525 57
  16097 58
  25066 59
  24784 6
115272942 60
  32239 7
  15130 8
  60763 9
