5421140 0
  21583 1
  28940 10
   9525 11
  20404 12
  26552 13
   9009 14
  44925 15
  14585 16
  24841 17
  23445 18
  34934 19
   6324 2
  46825 20
  64864 21
  84906 22
  76038 23
 142980 24
 276844 25
   8977 26
 829134 27
   5741 28
   5574 29
  45344 3
  15474 30
  17457 31
   3229 32
  46336 33
   6297 34
   6695 35
  13807 36
  22390 37
   6270 38
  59593 39
  11138 4
 969681 40
  13577 41
  42783 42
  33790 43
  30692 44
  93603 45
  52427 46
 122111 47
 162050 48
 162244 49
  11883 5
 666398 50
  33625 51
  66789 52
  23361 53
  34651 54
  86309 55
   8217 56
 141309 57
  11710 58
  18304 59
  19378 6
103248525 60
  27544 7
  13635 8
  54055 9
