4801194 0
  18439 1
  25729 10
   8705 11
  16381 12
  21798 13
   7515 14
  38995 15
  11499 16
  17215 17
  18646 18
  29017 19
   5599 2
  42192 20
  55074 21
  74178 22
  69992 23
 121214 24
 226255 25
   8431 26
 711046 27
   5376 28
   5517 29
  39887 3
  12858 30
  15449 31
   2830 32
  41387 33
   5733 34
   5966 35
  12169 36
  20576 37
   5876 38
  52032 39
   9448 4
 835483 40
  11132 41
  37436 42
  31445 43
  25025 44
  91241 45
  41672 46
 104715 47
 149350 48
 136085 49
  10560 5
 592691 50
  40893 51
  58712 52
  18473 53
  39060 54
  77170 55
   6733 56
 128229 57
   7183 58
  15000 59
  15522 6
90068213 60
  22586 7
  11044 8
  46363 9
