5476573 0
  21852 1
  30252 10
  10215 11
  19835 12
  25450 13
   8439 14
  46665 15
  13578 16
  19714 17
  22320 18
  34849 19
   6680 2
  48110 20
  65418 21
  84681 22
  78645 23
 136989 24
 268428 25
   9242 26
 843480 27
   5937 28
   6273 29
  46812 3
  15776 30
  18083 31
   3141 32
  48150 33
   6493 34
   7055 35
  14396 36
  23358 37
   6075 38
  61276 39
  11185 4
 994594 40
  13544 41
  44055 42
  34074 43
  31691 44
  93516 45
  52725 46
 124554 47
 163290 48
 167249 49
  12387 5
 670203 50
  34226 51
  66824 52
  23744 53
  35113 54
  87615 55
   8101 56
 144012 57
  11648 58
  18503 59
  19764 6
105154180 60
  26964 7
  12754 8
  56310 9
