5446841 0
  22992 1
  29233 10
  10407 11
  19989 12
  28057 13
   9509 14
  46820 15
  17003 16
  28568 17
  23681 18
  40355 19
   6925 2
  49567 20
  64975 21
  83288 22
  78490 23
 145877 24
 278108 25
   9391 26
 842798 27
   6570 28
   6287 29
  47616 3
  15585 30
  18257 31
   3385 32
  49099 33
   6744 34
   7070 35
  13585 36
  22345 37
   6131 38
  62604 39
  11652 4
1042144 40
  12997 41
  44445 42
  35705 43
  30087 44
 101588 45
  50807 46
 125949 47
 174642 48
 162170 49
  13024 5
 734847 50
  40909 51
  71583 52
  22093 53
  40303 54
  91826 55
   6644 56
 150167 57
   8552 58
  16350 59
  18745 6
108761345 60
  28592 7
  13282 8
  53365 9
