5030992 0
  20646 1
  27358 10
   9407 11
  17425 12
  23529 13
   7570 14
  42974 15
  13871 16
  28030 17
  24424 18
  35306 19
   6563 2
  48619 20
  60616 21
  80735 22
  77336 23
 132045 24
 251146 25
   9545 26
 812136 27
   6078 28
   5530 29
  44880 3
  14971 30
  16788 31
   3181 32
  47760 33
   6472 34
   6567 35
  13254 36
  22167 37
   6404 38
  60021 39
  10897 4
 967282 40
  13295 41
  43265 42
  34217 43
  29897 44
  98593 45
  49983 46
 121054 47
 168866 48
 159499 49
  11607 5
 688954 50
  53745 51
  68518 52
  22483 53
  57044 54
  90938 55
   8709 56
 158257 57
   9687 58
  19057 59
  17752 6
106358180 60
  25003 7
  12707 8
  51103 9
