5527105 0
  20316 1
  28093 10
   9027 11
  17224 12
  22662 13
   7049 14
  42178 15
  14312 16
  26062 17
  23907 18
  34281 19
   6107 2
  47633 20
  61195 21
  79006 22
  75134 23
 133866 24
 252172 25
   8701 26
 803015 27
   5997 28
   5708 29
  44302 3
  14189 30
  17240 31
   2932 32
  46371 33
   6233 34
   6445 35
  12980 36
  22026 37
   5732 38
  60139 39
  10965 4
 939459 40
  12660 41
  43499 42
  33567 43
  28917 44
  92293 45
  49057 46
 120648 47
 162480 48
 144370 49
  11743 5
 696688 50
  37479 51
  68275 52
  22243 53
  38525 54
  88935 55
   7237 56
 142885 57
  10165 58
  17091 59
  18059 6
102137067 60
  25335 7
  12665 8
  51760 9
