5165939 0
  23129 1
  29573 10
   9957 11
  19514 12
  27337 13
   9479 14
  47834 15
  15831 16
  22576 17
  22835 18
  35468 19
   6685 2
  46773 20
  66490 21
  89501 22
  78341 23
 147379 24
 287049 25
   9385 26
 864580 27
   6542 28
   5845 29
  47580 3
  14997 30
  18523 31
   3258 32
  48970 33
   6668 34
   7068 35
  13887 36
  23779 37
   6160 38
  63205 39
  11699 4
1027597 40
  13246 41
  44613 42
  36155 43
  30449 44
 103011 45
  50611 46
 127493 47
 173582 48
 165693 49
  12456 5
 720800 50
  42952 51
  70891 52
  22645 53
  41852 54
  92559 55
   7101 56
 153404 57
   9206 58
  17418 59
  18823 6
106412052 60
  29639 7
  13372 8
  54873 9
