5440366 0
  21518 1
  28749 10
   9386 11
  19547 12
  25853 13
   8629 14
  44208 15
  14784 16
  22396 17
  22258 18
  33231 19
   6424 2
  43600 20
  62170 21
  80030 22
  73135 23
 136429 24
 264173 25
   9008 26
 806680 27
   5808 28
   5552 29
  44793 3
  15186 30
  17278 31
   3052 32
  45629 33
   6121 34
   6446 35
  13780 36
  21999 37
   5480 38
  58620 39
  10941 4
 952565 40
  13126 41
  41367 42
  32709 43
  29864 44
  90820 45
  49842 46
 117559 47
 156853 48
 152046 49
  11899 5
 654922 50
  31850 51
  65662 52
  22640 53
  32018 54
  84072 55
   7454 56
 136467 57
  11020 58
  17398 59
  18686 6
101395796 60
  27521 7
  13110 8
  52011 9
