4898862 0
  22119 1
  27935 10
   9159 11
  18509 12
  26091 13
   8517 14
  45593 15
  14177 16
  19026 17
  20751 18
  34641 19
   6008 2
  44637 20
  64620 21
  84029 22
  75583 23
 141666 24
 275325 25
   9249 26
 836845 27
   6219 28
   5908 29
  45921 3
  15105 30
  18451 31
   3331 32
  48431 33
   6649 34
   6822 35
  14094 36
  23534 37
   6377 38
  61402 39
  10718 4
 994736 40
  13182 41
  43759 42
  36572 43
  29910 44
 106440 45
  50204 46
 122930 47
 177209 48
 164632 49
  10985 5
 699890 50
  48700 51
  69031 52
  22139 53
  46503 54
  91365 55
   8646 56
 153973 57
   9761 58
  18616 59
  18216 6
106736612 60
  27363 7
  12576 8
  53041 9
