5163752 0
  20966 1
  27576 10
   9167 11
  18887 12
  24811 13
   8025 14
  43856 15
  14151 16
  20079 17
  21036 18
  33145 19
   5890 2
  43087 20
  62365 21
  80646 22
  74709 23
 140103 24
 272810 25
   8660 26
 808470 27
   5953 28
   5708 29
  44615 3
  15240 30
  17959 31
   3197 32
  45975 33
   6518 34
   6758 35
  13861 36
  22666 37
   5722 38
  58555 39
  10502 4
 964973 40
  13470 41
  42828 42
  32869 43
  30894 44
  91100 45
  51222 46
 121569 47
 163352 48
 163882 49
  11064 5
 649072 50
  33225 51
  65387 52
  23011 53
  33468 54
  85371 55
   8036 56
 138572 57
  11694 58
  18287 59
  19067 6
100763523 60
  26750 7
  12662 8
  51646 9
