5050684 0
  22886 1
  29383 10
   9246 11
  18843 12
  26726 13
   9021 14
  45234 15
  13624 16
  18325 17
  21037 18
  32464 19
   7123 2
  44500 20
  62249 21
  85120 22
  75585 23
 140322 24
 274480 25
   9173 26
 822297 27
   6083 28
   5476 29
  46108 3
  14891 30
  17681 31
   3148 32
  47040 33
   6189 34
   6298 35
  13898 36
  23289 37
   6467 38
  59329 39
  11259 4
 995374 40
  12651 41
  41760 42
  32659 43
  29258 44
  92829 45
  49918 46
 118429 47
 161875 48
 156734 49
  11481 5
 677040 50
  38564 51
  67307 52
  21845 53
  38365 54
  87593 55
   6715 56
 142140 57
   9090 58
  16672 59
  18410 6
104730148 60
  27445 7
  12885 8
  53004 9
