5129351 0
  25647 1
  32141 10
  10664 11
  20162 12
  28081 13
   7567 14
  48348 15
  14022 16
  20841 17
  23498 18
  38102 19
   6511 2
  51127 20
  69016 21
  87276 22
  84999 23
 152227 24
 308800 25
   9704 26
 849346 27
   6742 28
   6464 29
  50037 3
  17001 30
  19836 31
   3517 32
  51101 33
   6929 34
   7870 35
  15958 36
  25542 37
   6120 38
  64367 39
  12436 4
1057154 40
  13637 41
  45332 42
  36392 43
  32111 44
 101133 45
  54383 46
 128953 47
 173622 48
 178342 49
  13296 5
 688017 50
  43795 51
  70829 52
  23982 53
  44662 54
  92114 55
   7928 56
 150910 57
  10064 58
  18628 59
  21012 6
110733572 60
  31192 7
  14597 8
  57293 9
