4746959 0
  19975 1
  27535 10
   8883 11
  17310 12
  22669 13
   6587 14
  40619 15
  11890 16
  18179 17
  20443 18
  31753 19
   5440 2
  44161 20
  57604 21
  72062 22
  69460 23
 127343 24
 245848 25
   8085 26
 737656 27
   5535 28
   5561 29
  40917 3
  14295 30
  16522 31
   3000 32
  42845 33
   6058 34
   6450 35
  13316 36
  21121 37
   5206 38
  54107 39
   9914 4
 882561 40
  12177 41
  39704 42
  30601 43
  28330 44
  83652 45
  48166 46
 111330 47
 147553 48
 154430 49
  10977 5
 586263 50
  30773 51
  60484 52
  21174 53
  31616 54
  76466 55
   7195 56
 126521 57
  10800 58
  16835 59
  17917 6
91267737 60
  25924 7
  12246 8
  49871 9
