5592595 0
  22651 1
  29563 10
   9913 11
  21141 12
  27449 13
   8926 14
  46760 15
  15118 16
  23778 17
  24361 18
  35502 19
   6849 2
  48139 20
  66327 21
  85774 22
  78478 23
 150032 24
 282810 25
   8757 26
 857993 27
   5976 28
   6066 29
  47143 3
  16006 30
  17972 31
   2966 32
  48560 33
   6269 34
   6664 35
  14780 36
  23139 37
   5912 38
  62154 39
  11045 4
1021558 40
  13970 41
  44807 42
  34986 43
  32073 44
  97380 45
  55279 46
 129217 47
 171957 48
 172539 49
  12317 5
 700020 50
  35214 51
  70314 52
  24816 53
  36074 54
  90833 55
   8556 56
 147025 57
  12600 58
  19435 59
  19862 6
106777015 60
  28325 7
  13345 8
  55559 9
