5177566 0
  21223 1
  28125 10
   9105 11
  19135 12
  24612 13
   7131 14
  43444 15
  14168 16
  21284 17
  22456 18
  33443 19
   5834 2
  41578 20
  61289 21
  77548 22
  74546 23
 138290 24
 264367 25
   8444 26
 796628 27
   5768 28
   5666 29
  43995 3
  15155 30
  17204 31
   2915 32
  45475 33
   6023 34
   6752 35
  13903 36
  22561 37
   5471 38
  58065 39
  10248 4
 955137 40
  13262 41
  43236 42
  33234 43
  30681 44
  91118 45
  51342 46
 121070 47
 161144 48
 161683 49
  11248 5
 650138 50
  33954 51
  65912 52
  23261 53
  34678 54
  85711 55
   8144 56
 137377 57
  11665 58
  18682 59
  19013 6
101929673 60
  26011 7
  12391 8
  51572 9
