4800264 0
  21408 1
  28697 10
   9216 11
  18455 12
  25774 13
   7643 14
  43675 15
  14369 16
  21320 17
  21891 18
  34314 19
   6050 2
  42762 20
  61572 21
  78806 22
  73615 23
 135736 24
 263793 25
   8687 26
 799555 27
   5941 28
   5644 29
  45496 3
  15403 30
  18055 31
   3146 32
  46797 33
   6354 34
   6877 35
  13643 36
  23335 37
   6157 38
  60111 39
  10693 4
 985849 40
  12797 41
  42997 42
  34081 43
  29405 44
  96817 45
  49732 46
 119648 47
 165737 48
 159610 49
  11431 5
 677564 50
  42544 51
  67108 52
  21970 53
  41947 54
  89475 55
   7340 56
 145963 57
   9455 58
  17266 59
  18689 6
105019679 60
  27241 7
  12319 8
  51870 9
