5493309 0
  22213 1
  29356 10
  10172 11
  19838 12
  25224 13
   8383 14
  45566 15
  15091 16
  24823 17
  24105 18
  35276 19
   6573 2
  45238 20
  63302 21
  79575 22
  74321 23
 135582 24
 250677 25
   8938 26
 817212 27
   6390 28
   6008 29
  46309 3
  15658 30
  17673 31
   3403 32
  48074 33
   6428 34
   7055 35
  14395 36
  22512 37
   6201 38
  60145 39
  11517 4
 957154 40
  13935 41
  43683 42
  33582 43
  30944 44
  94185 45
  51603 46
 120557 47
 160831 48
 161331 49
  12351 5
 663222 50
  38512 51
  66873 52
  22769 53
  40010 54
  85852 55
   8473 56
 143305 57
  11664 58
  18697 59
  19806 6
101614081 60
  26827 7
  12985 8
  53583 9
