8902894 0
  21693 1
  33689 10
   8642 11
  17641 12
  23826 13
   7919 14
  44844 15
  11334 16
  14758 17
  18464 18
  32497 19
   6046 2
  40483 20
  62042 21
  80989 22
  75966 23
 141142 24
 251551 25
   8682 26
 806481 27
   5511 28
   5440 29
  46374 3
  18647 30
  16544 31
   3301 32
  45812 33
   6286 34
   6731 35
  13741 36
  21876 37
   5571 38
  59907 39
  10660 4
1033165 40
  13946 41
  45226 42
  35102 43
  31508 44
  99120 45
  53674 46
 129111 47
 169494 48
 147446 49
  11139 5
 710544 50
  36466 51
  75742 52
  24397 53
  41386 54
  94365 55
   7107 56
 136294 57
  10362 58
  17217 59
  19257 6
130695205 60
  26758 7
  14404 8
  54028 9
