4953882 0
  21497 1
  28334 10
   9806 11
  18232 12
  25420 13
   7776 14
  45724 15
  14001 16
  21102 17
  20959 18
  35523 19
   6502 2
  49570 20
  63710 21
  78466 22
  75007 23
 134463 24
 264059 25
   9233 26
 821613 27
   6135 28
   6337 29
  46126 3
  14894 30
  17912 31
   3336 32
  48415 33
   6370 34
   6686 35
  13809 36
  23821 37
   6191 38
  61412 39
  10966 4
1001516 40
  12960 41
  44151 42
  33864 43
  29777 44
  94480 45
  48888 46
 120951 47
 163050 48
 165878 49
  11866 5
 695628 50
  38675 51
  68569 52
  22187 53
  36810 54
  88077 55
   6829 56
 143988 57
   9587 58
  16714 59
  18008 6
108390864 60
  27204 7
  12994 8
  53681 9
