4677541 0
  19153 1
  23844 10
   8262 11
  16786 12
  21494 13
   6965 14
  38187 15
  11649 16
  19605 17
  19596 18
  30384 19
   5481 2
  43255 20
  54720 21
  69560 22
  67223 23
 123214 24
 232610 25
   7305 26
 695476 27
   5289 28
   5315 29
  38771 3
  13303 30
  15203 31
   2754 32
  40295 33
   5543 34
   5813 35
  12055 36
  19739 37
   4974 38
  50409 39
   9104 4
 827048 40
  11805 41
  37494 42
  29397 43
  26329 44
  81352 45
  45014 46
 105368 47
 141015 48
 145791 49
  10481 5
 561032 50
  34711 51
  56943 52
  20076 53
  35682 54
  72503 55
   7397 56
 123150 57
   9999 58
  16733 59
  16642 6
85403942 60
  23589 7
  11204 8
  45281 9
