4965207 0
  22177 1
  27920 10
   9422 11
  18578 12
  25914 13
   7989 14
  46138 15
  13438 16
  20295 17
  20764 18
  34046 19
   6363 2
  47496 20
  63711 21
  85612 22
  77892 23
 140408 24
 283275 25
   9083 26
 851078 27
   6085 28
   5837 29
  46047 3
  14937 30
  17927 31
   3047 32
  48521 33
   6669 34
   6577 35
  13907 36
  24226 37
   6267 38
  62855 39
  10600 4
1009612 40
  12772 41
  44010 42
  34703 43
  30210 44
  96908 45
  50055 46
 125239 47
 168710 48
 165494 49
  11232 5
 705422 50
  40191 51
  69376 52
  22376 53
  39514 54
  91499 55
   6769 56
 145908 57
   9316 58
  16635 59
  17973 6
108511548 60
  27452 7
  12656 8
  53296 9
