5218347 0
  22157 1
  28645 10
   9261 11
  21127 12
  26180 13
   7881 14
  45942 15
  13654 16
  20794 17
  23372 18
  34405 19
   6141 2
  45926 20
  64269 21
  83637 22
  75372 23
 140040 24
 276878 25
   9109 26
 838084 27
   5935 28
   5937 29
  46764 3
  17116 30
  17902 31
   3265 32
  47983 33
   6637 34
   6899 35
  15247 36
  23601 37
   5931 38
  61528 39
  10939 4
1019722 40
  14989 41
  46589 42
  35190 43
  33379 44
  95733 45
  53963 46
 127852 47
 167867 48
 173907 49
  11596 5
 657853 50
  37180 51
  67912 52
  24982 53
  38956 54
  88796 55
  10055 56
 144543 57
  14191 58
  21442 59
  20809 6
104234181 60
  27759 7
  13268 8
  54504 9
