5510374 0
  24615 1
  31088 10
  11694 11
  24523 12
  28292 13
   9788 14
  46615 15
  16546 16
  27040 17
  29243 18
  37508 19
   8698 2
  48153 20
  65180 21
  80643 22
  75148 23
 143806 24
 262564 25
  10667 26
 804049 27
   7741 28
   7063 29
  47638 3
  19190 30
  19321 31
   4280 32
  47970 33
   7812 34
   8287 35
  17847 36
  24675 37
   7490 38
  60519 39
  13345 4
1001760 40
  16476 41
  47053 42
  36867 43
  33955 44
  94917 45
  55345 46
 124049 47
 162881 48
 164938 49
  14044 5
 651353 50
  39268 51
  68063 52
  25983 53
  40813 54
  86048 55
  11220 56
 142998 57
  14960 58
  22552 59
  24288 6
98444789 60
  29936 7
  14930 8
  55841 9
