4763470 0
  20599 1
  27363 10
   9008 11
  17586 12
  23863 13
   7344 14
  44105 15
  12447 16
  18549 17
  20418 18
  33089 19
   6115 2
  47289 20
  63888 21
  84726 22
  75873 23
 138442 24
 259656 25
   8553 26
 807770 27
   6086 28
   5387 29
  44717 3
  14120 30
  17175 31
   3016 32
  46452 33
   6429 34
   6687 35
  13452 36
  22430 37
   6143 38
  59239 39
  10614 4
 970699 40
  12795 41
  43150 42
  34991 43
  29282 44
 100891 45
  49964 46
 121257 47
 167002 48
 161918 49
  11030 5
 680139 50
  44121 51
  67590 52
  21954 53
  42800 54
  88096 55
   7461 56
 146495 57
   9175 58
  17277 59
  17576 6
106786990 60
  25721 7
  11732 8
  50752 9
