5155418 0
  22929 1
  27788 10
   9795 11
  18831 12
  26187 13
   8580 14
  46010 15
  13794 16
  19503 17
  21444 18
  35644 19
   6243 2
  49564 20
  64339 21
  84929 22
  79726 23
 141046 24
 282895 25
   8889 26
 823243 27
   6255 28
   5980 29
  45854 3
  15466 30
  18943 31
   3074 32
  47541 33
   6518 34
   6892 35
  15027 36
  25231 37
   6301 38
  60800 39
  11322 4
 989744 40
  13200 41
  43233 42
  36871 43
  29307 44
 100618 45
  50606 46
 124067 47
 172505 48
 163100 49
  11808 5
 688132 50
  44305 51
  68061 52
  22659 53
  43693 54
  90531 55
   7878 56
 147207 57
   9661 58
  17899 59
  18866 6
106787082 60
  27081 7
  12513 8
  52842 9
