4773138 0
  19938 1
  24533 10
   7964 11
  18653 12
  22601 13
   7266 14
  40395 15
  12144 16
  18891 17
  22361 18
  31871 19
   5727 2
  45776 20
  57594 21
  70154 22
  66456 23
 119924 24
 229935 25
   7718 26
 731581 27
   5414 28
   5014 29
  42446 3
  15210 30
  16151 31
   2635 32
  42703 33
   5507 34
   6040 35
  13508 36
  21161 37
   5240 38
  55153 39
  10271 4
 884131 40
  13010 41
  40805 42
  31396 43
  28644 44
  84844 45
  48015 46
 111626 47
 146043 48
 152063 49
  11080 5
 584579 50
  37390 51
  60801 52
  22366 53
  41984 54
  78056 55
   9438 56
 133088 57
  13029 58
  19914 59
  19346 6
92210888 60
  24544 7
  11127 8
  48546 9
