4448593 0
  20354 1
  27201 10
   9103 11
  16870 12
  24133 13
   8241 14
  42264 15
  12960 16
  17477 17
  19200 18
  33008 19
   6403 2
  44090 20
  60082 21
  77684 22
  72594 23
 127076 24
 237063 25
   8550 26
 773647 27
   5665 28
   5489 29
  43036 3
  14625 30
  16233 31
   3023 32
  45142 33
   5904 34
   6418 35
  12980 36
  20874 37
   5433 38
  58176 39
  10392 4
 931529 40
  11691 41
  40654 42
  31920 43
  27536 44
  91994 45
  46734 46
 114015 47
 154653 48
 148805 49
  11202 5
 658567 50
  39362 51
  65441 52
  20538 53
  38069 54
  84238 55
   6160 56
 139382 57
   8260 58
  15112 59
  16847 6
100082659 60
  24686 7
  11770 8
  49500 9
