5471750 0
  23428 1
  29967 10
  11179 11
  21789 12
  26166 13
   8873 14
  44979 15
  14896 16
  21471 17
  24243 18
  36156 19
   8103 2
  47144 20
  64075 21
  82866 22
  79059 23
 137004 24
 246071 25
   9777 26
 782670 27
   6963 28
   6606 29
  46931 3
  17555 30
  18406 31
   3678 32
  46903 33
   7130 34
   7581 35
  16126 36
  23166 37
   6574 38
  61143 39
  12635 4
 957462 40
  15347 41
  45439 42
  35522 43
  32671 44
  94586 45
  54020 46
 122271 47
 158955 48
 160653 49
  13907 5
 652302 50
  36228 51
  69020 52
  25052 53
  37171 54
  85318 55
  10137 56
 137972 57
  13960 58
  21103 59
  22567 6
100275737 60
  28485 7
  13954 8
  54605 9
