5133791 0
  22181 1
  30559 10
   9768 11
  18425 12
  25880 13
   8562 14
  47105 15
  15305 16
  24563 17
  23775 18
  35979 19
   6484 2
  48052 20
  68356 21
  87268 22
  77533 23
 134173 24
 257766 25
   9720 26
 839503 27
   6475 28
   6262 29
  47418 3
  15115 30
  18091 31
   3067 32
  48948 33
   6883 34
   7219 35
  14118 36
  24703 37
   6632 38
  62114 39
  11422 4
 963831 40
  13107 41
  43852 42
  34873 43
  30018 44
 102008 45
  51029 46
 121738 47
 166763 48
 168744 49
  12095 5
 675845 50
  48626 51
  68857 52
  22828 53
  48201 54
  87407 55
   7957 56
 152423 57
   9057 58
  18589 59
  18029 6
111221995 60
  27796 7
  13266 8
  54067 9
