5639623 0
  23827 1
  32474 10
  10028 11
  21765 12
  27864 13
   8895 14
  48435 15
  15792 16
  23020 17
  25653 18
  37694 19
   7293 2
  49435 20
  68760 21
  82540 22
  77295 23
 138960 24
 271584 25
   9761 26
 813265 27
   6664 28
   6333 29
  48915 3
  17418 30
  18682 31
   3184 32
  47956 33
   7033 34
   7316 35
  16048 36
  24851 37
   6089 38
  62328 39
  12352 4
 980474 40
  15317 41
  46184 42
  35052 43
  33366 44
  95039 45
  54716 46
 126692 47
 161090 48
 173310 49
  13547 5
 640851 50
  37903 51
  69586 52
  25161 53
  40106 54
  85411 55
   9886 56
 140592 57
  14174 58
  21558 59
  22373 6
101402027 60
  30427 7
  14716 8
  57597 9
