5290485 0
  22368 1
  28872 10
   9728 11
  19520 12
  26451 13
   9192 14
  46085 15
  15068 16
  26427 17
  25361 18
  38873 19
   6612 2
  50193 20
  66358 21
  86903 22
  78627 23
 144105 24
 273180 25
   9552 26
 859150 27
   6649 28
   6197 29
  46171 3
  15091 30
  18652 31
   3338 32
  49219 33
   6689 34
   7097 35
  14346 36
  24027 37
   6836 38
  62206 39
  11431 4
 981059 40
  14032 41
  45500 42
  38975 43
  30506 44
 115186 45
  51867 46
 125462 47
 184311 48
 164720 49
  11410 5
 720549 50
  56832 51
  71369 52
  23481 53
  54630 54
  94096 55
   9369 56
 162197 57
   9482 58
  19963 59
  18388 6
110735793 60
  27334 7
  13539 8
  52105 9
