5245220 0
  23753 1
  30143 10
  10732 11
  19910 12
  27789 13
   9247 14
  50229 15
  15317 16
  22944 17
  24115 18
  33546 19
   7411 2
  50094 20
  67758 21
  85507 22
  81228 23
 142951 24
 271447 25
  10014 26
 858267 27
   6724 28
   6485 29
  49349 3
  15885 30
  18793 31
   3629 32
  50540 33
   6969 34
   7633 35
  14393 36
  25805 37
   7002 38
  65905 39
  12292 4
1014436 40
  14484 41
  45597 42
  37762 43
  31277 44
 111683 45
  52294 46
 124920 47
 175744 48
 173015 49
  12632 5
 687775 50
  53213 51
  69614 52
  22782 53
  50784 54
  90315 55
   9165 56
 157839 57
   9914 58
  20758 59
  19940 6
107948928 60
  29416 7
  13918 8
  57008 9
