5843895 0
  25031 1
  33101 10
  11109 11
  20433 12
  28985 13
   9290 14
  51247 15
  15954 16
  23379 17
  24519 18
  35628 19
   7273 2
  53153 20
  70727 21
  90477 22
  86472 23
 150962 24
 292835 25
  10204 26
 884264 27
   6890 28
   6830 29
  50404 3
  16307 30
  19555 31
   3761 32
  52141 33
   7423 34
   7925 35
  14828 36
  26353 37
   6572 38
  67116 39
  13231 4
1067664 40
  13529 41
  45114 42
  35575 43
  31977 44
  99590 45
  53755 46
 131746 47
 170358 48
 170916 49
  13681 5
 724895 50
  35361 51
  72214 52
  23713 53
  34850 54
  91472 55
   6009 56
 147536 57
   8996 58
  16182 59
  20398 6
109751749 60
  30862 7
  14610 8
  59531 9
