5112623 0
  21012 1
  27245 10
   8490 11
  17837 12
  25489 13
   8056 14
  45196 15
  12573 16
  20498 17
  21595 18
  34888 19
   5593 2
  47496 20
  63243 21
  83655 22
  77084 23
 142252 24
 282659 25
   9019 26
 861347 27
   5726 28
   5371 29
  44407 3
  14015 30
  17573 31
   2906 32
  47957 33
   6171 34
   6407 35
  13248 36
  23043 37
   6109 38
  62103 39
  10210 4
 960848 40
  12482 41
  43855 42
  36085 43
  28270 44
 105314 45
  48825 46
 122811 47
 175113 48
 157745 49
  10509 5
 721330 50
  43875 51
  68234 52
  21593 53
  40791 54
  91061 55
   7010 56
 148443 57
   8075 58
  16167 59
  17003 6
107575855 60
  26064 7
  12916 8
  52452 9
