5748448 0
  22314 1
  29123 10
   9541 11
  18261 12
  26118 13
   7712 14
  46741 15
  14895 16
  21500 17
  21982 18
  36849 19
   6241 2
  51465 20
  70100 21
  92918 22
  87165 23
 155320 24
 299922 25
   9385 26
 916382 27
   6250 28
   6012 29
  48246 3
  15281 30
  18796 31
   3308 32
  51502 33
   6748 34
   7388 35
  13833 36
  24400 37
   6194 38
  66832 39
  11215 4
1035923 40
  12747 41
  45596 42
  36655 43
  30986 44
 103596 45
  53466 46
 135174 47
 182134 48
 164225 49
  11752 5
 804719 50
  32820 51
  75279 52
  23594 53
  31788 54
  97780 55
   5373 56
 149267 57
   8285 58
  14842 59
  17812 6
119752364 60
  27731 7
  13161 8
  53994 9
