5090148 0
  24045 1
  31277 10
  10533 11
  20271 12
  28829 13
  10218 14
  50857 15
  15666 16
  25201 17
  23663 18
  37949 19
   7106 2
  51589 20
  68549 21
  85705 22
  77564 23
 140495 24
 275740 25
  11009 26
 897214 27
   6585 28
   6210 29
  50451 3
  16137 30
  19158 31
   3454 32
  51746 33
   6953 34
   7352 35
  14438 36
  25648 37
   6803 38
  66025 39
  12228 4
1056714 40
  12953 41
  44912 42
  35727 43
  31113 44
 104123 45
  53065 46
 126045 47
 172051 48
 174874 49
  13131 5
 715567 50
  46666 51
  70842 52
  22940 53
  45999 54
  93022 55
   7256 56
 161892 57
   9101 58
  18100 59
  19209 6
111526353 60
  29076 7
  13484 8
  59058 9
