5363881 0
  23761 1
  31846 10
  10867 11
  19702 12
  27579 13
   9044 14
  48723 15
  14950 16
  21511 17
  21351 18
  36213 19
   6964 2
  47948 20
  67540 21
  83833 22
  77918 23
 137733 24
 275101 25
  10411 26
 849857 27
   6646 28
   6284 29
  48906 3
  15900 30
  18721 31
   3508 32
  49812 33
   6581 34
   7244 35
  13919 36
  24593 37
   6690 38
  63930 39
  12035 4
1038294 40
  12735 41
  43232 42
  33466 43
  30370 44
  96494 45
  50274 46
 124890 47
 164620 48
 162304 49
  12702 5
 707481 50
  35105 51
  69815 52
  22995 53
  34437 54
  91242 55
   6039 56
 144301 57
   9231 58
  15737 59
  18922 6
107312849 60
  28831 7
  13872 8
  58313 9
