5400925 0
  24207 1
  33338 10
  11037 11
  19417 12
  27096 13
   8632 14
  50257 15
  15380 16
  25336 17
  24759 18
  37373 19
   7732 2
  54968 20
  68651 21
  88470 22
  81751 23
 143323 24
 272325 25
  10050 26
 855105 27
   6781 28
   6535 29
  50120 3
  16074 30
  18992 31
   3594 32
  50561 33
   7048 34
   7386 35
  14171 36
  25333 37
   7310 38
  64091 39
  12625 4
1014035 40
  14153 41
  45025 42
  38061 43
  30976 44
 110266 45
  51571 46
 125519 47
 176634 48
 174858 49
  13551 5
 687388 50
  54453 51
  69998 52
  22601 53
  53074 54
  90272 55
   8964 56
 159036 57
   9711 58
  20221 59
  20147 6
108719038 60
  29199 7
  14434 8
  58359 9
