5476592 0
  21216 1
  32014 10
   9740 11
  17048 12
  24479 13
   7819 14
  44436 15
  13857 16
  22183 17
  20888 18
  33156 19
   6574 2
  48707 20
  60040 21
  78509 22
  72450 23
 131158 24
 249115 25
   8966 26
 766849 27
   5744 28
   5815 29
  44477 3
  13645 30
  17028 31
   3062 32
  44947 33
   6305 34
   6566 35
  11652 36
  22093 37
   6042 38
  56365 39
  10977 4
 908082 40
  11577 41
  38271 42
  29755 43
  27046 44
  84582 45
  44899 46
 111494 47
 143863 48
 149113 49
  12034 5
 622628 50
  32846 51
  62094 52
  19265 53
  32335 54
  78352 55
   5082 56
 129295 57
   7023 58
  13670 59
  16787 6
94888130 60
  25770 7
  12995 8
  52377 9
