5263333 0
  22081 1
  30300 10
   9777 11
  19216 12
  25843 13
   9370 14
  48076 15
  13971 16
  23552 17
  23379 18
  37685 19
   6627 2
  54144 20
  69399 21
  87203 22
  80209 23
 144518 24
 270095 25
   9443 26
 852319 27
   6384 28
   5801 29
  46492 3
  14636 30
  18157 31
   3220 32
  49360 33
   6465 34
   7025 35
  14182 36
  23014 37
   6509 38
  63050 39
  10947 4
 994326 40
  12963 41
  44699 42
  36258 43
  29956 44
 107570 45
  50287 46
 122735 47
 173109 48
 164105 49
  11997 5
 712499 50
  45995 51
  69841 52
  22216 53
  44410 54
  89369 55
   7545 56
 153102 57
   8801 58
  17880 59
  18342 6
111644854 60
  28024 7
  13438 8
  54769 9
