5905538 0
  24660 1
  33964 10
  11251 11
  22931 12
  29108 13
  10548 14
  49742 15
  15951 16
  26885 17
  26919 18
  39438 19
   7781 2
  54977 20
  72171 21
  91759 22
  82444 23
 148532 24
 277624 25
  11012 26
 846659 27
   7654 28
   7356 29
  49074 3
  17598 30
  20100 31
   4239 32
  50754 33
   7881 34
   8257 35
  16600 36
  25142 37
   7744 38
  64904 39
  12860 4
1027394 40
  15143 41
  45264 42
  36436 43
  32211 44
  99985 45
  53737 46
 127281 47
 169040 48
 161257 49
  13733 5
 723196 50
  39228 51
  71762 52
  23709 53
  38502 54
  90557 55
   7847 56
 146363 57
  10624 58
  18157 59
  21551 6
105794832 60
  31236 7
  15152 8
  57917 9
