5046940 0
  20769 1
  28156 10
   9227 11
  17135 12
  24101 13
   6849 14
  44895 15
  14421 16
  25356 17
  23095 18
  35749 19
   5321 2
  45550 20
  65975 21
  85798 22
  77905 23
 146237 24
 272535 25
   8649 26
 879413 27
   5671 28
   5607 29
  45501 3
  13956 30
  17749 31
   2852 32
  49213 33
   6226 34
   6692 35
  12772 36
  23094 37
   5658 38
  63082 39
  10423 4
1013000 40
  12234 41
  43776 42
  33715 43
  29883 44
  98588 45
  49381 46
 126756 47
 171148 48
 157249 49
  11122 5
 755167 50
  35744 51
  71580 52
  23013 53
  34627 54
  92110 55
   5861 56
 150828 57
   8089 58
  15097 59
  16762 6
114172306 60
  26514 7
  11930 8
  52595 9
