5499236 0
  21090 1
  28193 10
   9936 11
  17594 12
  23258 13
   7465 14
  41575 15
  14362 16
  23624 17
  22246 18
  33230 19
   6298 2
  41607 20
  62797 21
  80112 22
  74213 23
 135143 24
 244844 25
   9154 26
 767675 27
   6690 28
   6500 29
  43916 3
  14365 30
  18068 31
   3267 32
  46452 33
   6814 34
   7375 35
  13126 36
  22767 37
   6595 38
  59253 39
  11207 4
 872699 40
  12625 41
  41691 42
  34081 43
  28251 44
  93101 45
  48266 46
 118748 47
 159777 48
 135017 49
  12367 5
 706344 50
  31930 51
  67572 52
  21286 53
  30071 54
  85052 55
   5939 56
 128391 57
   8247 58
  14333 59
  18037 6
103184352 60
  26446 7
  12569 8
  49740 9
