5288733 0
  21081 1
  29205 10
   9298 11
  17631 12
  25570 13
   7787 14
  43487 15
  13754 16
  20808 17
  20445 18
  34991 19
   6158 2
  46409 20
  63329 21
  82656 22
  78226 23
 133785 24
 258154 25
   8813 26
 809348 27
   5775 28
   6061 29
  44882 3
  14626 30
  17163 31
   2992 32
  46004 33
   5987 34
   6565 35
  13030 36
  21511 37
   6116 38
  58392 39
  10573 4
 973257 40
  12093 41
  41216 42
  32720 43
  27667 44
  91074 45
  48017 46
 118026 47
 161523 48
 145148 49
  11579 5
 697613 50
  32897 51
  67425 52
  21892 53
  31515 54
  87389 55
   5502 56
 138271 57
   8088 58
  14309 59
  17084 6
103673166 60
  26015 7
  12724 8
  51418 9
