4954862 0
  21757 1
  26522 10
   8820 11
  18320 12
  26268 13
   8332 14
  43350 15
  13778 16
  22090 17
  22177 18
  36184 19
   5967 2
  46413 20
  63329 21
  83505 22
  75377 23
 137060 24
 275685 25
   8771 26
 818817 27
   5826 28
   5732 29
  43126 3
  14255 30
  17305 31
   2945 32
  45816 33
   6169 34
   6769 35
  13762 36
  21550 37
   6054 38
  57912 39
  10244 4
 944058 40
  13115 41
  43355 42
  37140 43
  29679 44
 110982 45
  49317 46
 122178 47
 178021 48
 152176 49
  10392 5
 694198 50
  50127 51
  68163 52
  22469 53
  49220 54
  90196 55
   8446 56
 150387 57
   8866 58
  18706 59
  17480 6
109912869 60
  26414 7
  12659 8
  49397 9
