4827230 0
  22286 1
  27240 10
   9889 11
  18901 12
  26287 13
   9059 14
  43799 15
  15245 16
  25501 17
  22214 18
  35513 19
   6835 2
  44882 20
  62099 21
  81535 22
  76274 23
 139530 24
 259514 25
   9278 26
 782379 27
   6483 28
   6147 29
  46003 3
  16835 30
  17454 31
   3501 32
  46463 33
   6520 34
   7167 35
  14117 36
  22835 37
   6654 38
  58412 39
  11537 4
 995408 40
  13552 41
  42196 42
  33146 43
  30055 44
  91027 45
  51015 46
 120533 47
 156461 48
 157689 49
  12748 5
 656441 50
  41498 51
  66687 52
  23549 53
  46674 54
  87419 55
   7324 56
 147936 57
   9864 58
  18033 59
  19906 6
100714408 60
  27111 7
  13136 8
  50812 9
