5134819 0
  21335 1
  26684 10
   9180 11
  17439 12
  24366 13
   7773 14
  41958 15
  13813 16
  23863 17
  21093 18
  33431 19
   6355 2
  44214 20
  59410 21
  77432 22
  72632 23
 130433 24
 256417 25
   8469 26
 755063 27
   5762 28
   5665 29
  43020 3
  13909 30
  16374 31
   2965 32
  44159 33
   5773 34
   6462 35
  12738 36
  21999 37
   5741 38
  55328 39
  10716 4
 909232 40
  11804 41
  38977 42
  31098 43
  26640 44
  86478 45
  45328 46
 110173 47
 151384 48
 139629 49
  11861 5
 627360 50
  37957 51
  61453 52
  20201 53
  36912 54
  80074 55
   6278 56
 132497 57
   8246 58
  15469 59
  17299 6
91341717 60
  26304 7
  12452 8
  48933 9
