4984828 0
  23447 1
  28580 10
  10348 11
  20368 12
  26890 13
   9321 14
  45449 15
  14468 16
  19785 17
  23671 18
  38922 19
   7398 2
  50723 20
  62996 21
  84406 22
  80146 23
 146494 24
 265005 25
   9775 26
 804698 27
   6967 28
   5989 29
  46045 3
  16056 30
  17983 31
   3501 32
  47954 33
   6986 34
   7287 35
  14283 36
  23289 37
   6397 38
  58759 39
  12161 4
 956270 40
  13348 41
  43439 42
  36561 43
  29539 44
 104479 45
  50125 46
 119838 47
 173340 48
 157100 49
  12923 5
 678046 50
  50871 51
  68579 52
  22819 53
  52608 54
  90551 55
   8700 56
 150301 57
   9426 58
  19279 59
  19875 6
108286485 60
  28361 7
  13403 8
  52758 9
