5291647 0
  22257 1
  29304 10
   9876 11
  19099 12
  26329 13
   8629 14
  44910 15
  13955 16
  21426 17
  21723 18
  33678 19
   6022 2
  43992 20
  61243 21
  78545 22
  76035 23
 142391 24
 261868 25
   9207 26
 801326 27
   6339 28
   5752 29
  44732 3
  15414 30
  18217 31
   3101 32
  46602 33
   6194 34
   6627 35
  13400 36
  22388 37
   5753 38
  58105 39
  10902 4
 958969 40
  11944 41
  40173 42
  32812 43
  27116 44
  91415 45
  47466 46
 118277 47
 161880 48
 144574 49
  11877 5
 690626 50
  38003 51
  66176 52
  20689 53
  37376 54
  87161 55
   5847 56
 139559 57
   7687 58
  14851 59
  18147 6
99604102 60
  27546 7
  13235 8
  52460 9
