5264922 0
  23996 1
  28374 10
  10478 11
  22991 12
  27890 13
   9244 14
  47442 15
  15931 16
  29375 17
  28774 18
  38715 19
   6667 2
  50830 20
  67240 21
  88730 22
  79688 23
 155635 24
 295940 25
   9296 26
 835391 27
   6652 28
   6420 29
  46640 3
  18212 30
  19111 31
   3395 32
  48451 33
   6579 34
   7341 35
  16843 36
  24532 37
   6123 38
  62037 39
  11860 4
1021803 40
  16090 41
  48576 42
  38897 43
  35456 44
 107726 45
  58242 46
 134451 47
 185726 48
 179971 49
  12894 5
 682163 50
  46044 51
  72457 52
  26341 53
  49681 54
  94160 55
  11373 56
 155045 57
  15843 58
  24348 59
  22412 6
109966429 60
  29668 7
  14037 8
  53808 9
