5290805 0
  21037 1
  28462 10
   9462 11
  17956 12
  25270 13
   8103 14
  44313 15
  12698 16
  20614 17
  21937 18
  34421 19
   6035 2
  47560 20
  62322 21
  84909 22
  77949 23
 138034 24
 266218 25
   9259 26
 821146 27
   5912 28
   5574 29
  44165 3
  14284 30
  17605 31
   3075 32
  46635 33
   6277 34
   6482 35
  12596 36
  21801 37
   6013 38
  58680 39
  10678 4
 963665 40
  11367 41
  40062 42
  31357 43
  26687 44
  91538 45
  46705 46
 118258 47
 162705 48
 139844 49
  11637 5
 706696 50
  30895 51
  67483 52
  20762 53
  29334 54
  87339 55
   4755 56
 135534 57
   7126 58
  12862 59
  17184 6
103815264 60
  26866 7
  13277 8
  51719 9
