4857681 0
  21747 1
  25988 10
   9573 11
  21704 12
  25623 13
   8630 14
  45551 15
  12903 16
  21526 17
  26014 18
  35600 19
   6580 2
  49372 20
  62287 21
  83634 22
  77993 23
 139294 24
 263394 25
   8960 26
 810014 27
   6147 28
   5512 29
  45167 3
  17290 30
  17017 31
   3305 32
  47270 33
   6509 34
   6781 35
  16330 36
  22176 37
   6093 38
  59004 39
  11292 4
 990633 40
  15052 41
  46510 42
  36009 43
  34224 44
 102796 45
  56445 46
 127352 47
 177402 48
 177826 49
  11700 5
 644500 50
  47845 51
  69472 52
  26212 53
  55180 54
  89325 55
  12155 56
 153286 57
  16464 58
  25472 59
  21461 6
107074130 60
  26875 7
  12865 8
  52761 9
