5313463 0
  22171 1
  26965 10
   9572 11
  21556 12
  25847 13
   8332 14
  46032 15
  14308 16
  24427 17
  25331 18
  35045 19
   5810 2
  46023 20
  65056 21
  84490 22
  79768 23
 141111 24
 273015 25
   9103 26
 865296 27
   6050 28
   5846 29
  46263 3
  16687 30
  18326 31
   3201 32
  49298 33
   6697 34
   7238 35
  15739 36
  23494 37
   6293 38
  63513 39
  10788 4
 994913 40
  15576 41
  48805 42
  41031 43
  33975 44
 116502 45
  57220 46
 130164 47
 191420 48
 181695 49
  11827 5
 687611 50
  54773 51
  71297 52
  25311 53
  57234 54
  92437 55
  12576 56
 162563 57
  15281 58
  25730 59
  20936 6
105180323 60
  27115 7
  12593 8
  53213 9
