5249989 0
  23117 1
  28815 10
   9836 11
  19302 12
  26952 13
   9113 14
  46805 15
  14431 16
  21939 17
  22636 18
  36510 19
   6616 2
  48401 20
  66201 21
  88776 22
  80358 23
 140648 24
 273367 25
   9425 26
 851411 27
   6138 28
   5963 29
  48855 3
  15815 30
  18542 31
   3293 32
  49984 33
   6961 34
   6919 35
  13667 36
  24002 37
   6092 38
  63870 39
  11719 4
1032047 40
  12432 41
  42644 42
  33437 43
  29426 44
  97740 45
  49456 46
 123910 47
 167194 48
 157833 49
  12541 5
 716688 50
  40192 51
  68785 52
  22270 53
  40900 54
  90933 55
   6507 56
 150094 57
   8727 58
  16183 59
  18338 6
103305293 60
  27798 7
  12730 8
  55645 9
