5078692 0
  23232 1
  29785 10
  10654 11
  19744 12
  27208 13
   8394 14
  48002 15
  14262 16
  24421 17
  22944 18
  36691 19
   6539 2
  46033 20
  67987 21
  91399 22
  84450 23
 147778 24
 283054 25
   9865 26
 871901 27
   6492 28
   6201 29
  48906 3
  16255 30
  19187 31
   3644 32
  51710 33
   6871 34
   7425 35
  15054 36
  25081 37
   6730 38
  66092 39
  11579 4
1073209 40
  14101 41
  46547 42
  37587 43
  31833 44
 109012 45
  54287 46
 131112 47
 182633 48
 169639 49
  12430 5
 741595 50
  47234 51
  73807 52
  24597 53
  45913 54
  96272 55
   7927 56
 158393 57
   9558 58
  19330 59
  18813 6
111300535 60
  28376 7
  13044 8
  56683 9
