5198788 0
  22184 1
  29182 10
   9722 11
  18169 12
  25809 13
   7734 14
  45090 15
  13472 16
  21630 17
  21190 18
  35365 19
   6188 2
  45387 20
  63211 21
  83254 22
  77029 23
 136636 24
 263474 25
   9174 26
 815533 27
   6048 28
   6132 29
  45301 3
  14874 30
  18145 31
   3222 32
  47788 33
   6532 34
   6914 35
  13282 36
  23342 37
   6069 38
  60859 39
  10896 4
 986781 40
  12586 41
  42545 42
  33336 43
  28787 44
  93314 45
  48766 46
 121167 47
 159627 48
 153092 49
  11719 5
 689392 50
  35453 51
  67715 52
  21593 53
  34775 54
  87819 55
   5767 56
 142065 57
   8158 58
  14882 59
  17801 6
102243462 60
  26340 7
  12647 8
  52523 9
