4961751 0
  22219 1
  28696 10
   9221 11
  19360 12
  25416 13
   8350 14
  47326 15
  14197 16
  19698 17
  22483 18
  35354 19
   6396 2
  46400 20
  65918 21
  85148 22
  78202 23
 145195 24
 279260 25
   9020 26
 872804 27
   6249 28
   6042 29
  47776 3
  16153 30
  17996 31
   3237 32
  50088 33
   6661 34
   6949 35
  14259 36
  23735 37
   6362 38
  64082 39
  10972 4
1031765 40
  13426 41
  45989 42
  37333 43
  30708 44
 110008 45
  52524 46
 127664 47
 183621 48
 167467 49
  11176 5
 725807 50
  48581 51
  71627 52
  23611 53
  47729 54
  94091 55
   8593 56
 161355 57
  10125 58
  19357 59
  19014 6
109452965 60
  27692 7
  13196 8
  54677 9
