5006760 0
  18680 1
  26207 10
   8239 11
  16007 12
  21580 13
   6988 14
  37629 15
  12245 16
  16463 17
  17893 18
  28956 19
   5275 2
  39208 20
  53350 21
  70685 22
  66198 23
 121279 24
 229492 25
   7789 26
 693709 27
   5181 28
   5187 29
  38493 3
  12871 30
  14811 31
   2787 32
  41023 33
   5591 34
   6014 35
  11042 36
  19252 37
   5384 38
  50911 39
   8881 4
 809126 40
  10408 41
  35000 42
  28077 43
  23371 44
  79570 45
  41186 46
 103451 47
 141621 48
 122782 49
   9834 5
 600809 50
  29034 51
  57524 52
  18331 53
  28494 54
  74499 55
   4597 56
 117544 57
   6469 58
  11872 59
  15098 6
86212273 60
  23728 7
  11660 8
  44381 9
