4979618 0
  22830 1
  30037 10
   9361 11
  19765 12
  27917 13
   8977 14
  49033 15
  14517 16
  20372 17
  21864 18
  37638 19
   6348 2
  50532 20
  66469 21
  85292 22
  80742 23
 143500 24
 273368 25
   9984 26
 863277 27
   6450 28
   5990 29
  48414 3
  15683 30
  18986 31
   3163 32
  50776 33
   6843 34
   7493 35
  14391 36
  25330 37
   6614 38
  64657 39
  11224 4
1029619 40
  13812 41
  46229 42
  38850 43
  31429 44
 113108 45
  51975 46
 127745 47
 179980 48
 171738 49
  11789 5
 713476 50
  50818 51
  72181 52
  23983 53
  48859 54
  93231 55
   9096 56
 158105 57
  10086 58
  19787 59
  18925 6
109866544 60
  28394 7
  13551 8
  58125 9
