5471656 0
  21993 1
  30279 10
   9994 11
  18136 12
  25237 13
   8584 14
  45019 15
  14527 16
  21088 17
  21165 18
  35704 19
   6408 2
  47434 20
  64312 21
  84491 22
  80840 23
 140808 24
 260114 25
   9620 26
 824408 27
   6771 28
   6124 29
  45966 3
  14853 30
  18415 31
   3124 32
  48001 33
   6779 34
   7404 35
  13177 36
  24702 37
   6272 38
  63264 39
  11443 4
 934210 40
  12851 41
  43210 42
  34833 43
  29971 44
  98112 45
  50901 46
 126755 47
 165112 48
 160252 49
  12399 5
 710450 50
  38383 51
  71596 52
  22656 53
  38463 54
  89232 55
   6028 56
 140974 57
   8317 58
  15599 59
  18247 6
106408349 60
  28134 7
  13607 8
  55331 9
