4853558 0
  21443 1
  26027 10
   9020 11
  20654 12
  24569 13
   7335 14
  44381 15
  13259 16
  19137 17
  24255 18
  35653 19
   6170 2
  46968 20
  62570 21
  82625 22
  75024 23
 140263 24
 262758 25
   8727 26
 829048 27
   5865 28
   5558 29
  45082 3
  17239 30
  17911 31
   3002 32
  49075 33
   6501 34
   6702 35
  16031 36
  22675 37
   5822 38
  60894 39
  10914 4
 990995 40
  15299 41
  47800 42
  38107 43
  34642 44
 107013 45
  55512 46
 128693 47
 183934 48
 179373 49
  11407 5
 677396 50
  48197 51
  71172 52
  26130 53
  52318 54
  90518 55
  12530 56
 158036 57
  16405 58
  25609 59
  21121 6
108434483 60
  27008 7
  12313 8
  52023 9
