5382002 0
  22370 1
  29171 10
   9278 11
  18076 12
  25533 13
   7530 14
  45176 15
  14258 16
  21462 17
  22084 18
  36316 19
   6235 2
  49565 20
  64880 21
  87412 22
  79025 23
 145316 24
 280387 25
   9551 26
 857560 27
   6167 28
   6040 29
  45902 3
  14681 30
  18589 31
   3348 32
  48841 33
   6558 34
   7128 35
  13500 36
  23432 37
   6295 38
  62822 39
  11034 4
 985094 40
  12410 41
  42897 42
  34570 43
  30036 44
  98485 45
  49658 46
 124367 47
 172732 48
 157493 49
  11646 5
 739977 50
  39421 51
  70361 52
  22657 53
  38520 54
  91664 55
   6343 56
 148972 57
   8501 58
  15662 59
  17744 6
108777931 60
  27603 7
  12980 8
  51807 9
