4164945 0
  19328 1
  24739 10
   8857 11
  16662 12
  21876 13
   7065 14
  39766 15
  13239 16
  21509 17
  20153 18
  29988 19
   5341 2
  39600 20
  56711 21
  76735 22
  66689 23
 118499 24
 227371 25
   8108 26
 721259 27
   5945 28
   5299 29
  40954 3
  13934 30
  15550 31
   2992 32
  42554 33
   6276 34
   6665 35
  12710 36
  20819 37
   5992 38
  53828 39
   9778 4
 878122 40
  12005 41
  38394 42
  31603 43
  27341 44
  90083 45
  45274 46
 106200 47
 150118 48
 142756 49
  10600 5
 606711 50
  41361 51
  61567 52
  20715 53
  41315 54
  79952 55
   7355 56
 133761 57
   8948 58
  17032 59
  16298 6
94733731 60
  23035 7
  10786 8
  46933 9
