5339302 0
  21642 1
  29449 10
   9456 11
  17595 12
  25119 13
   8038 14
  46401 15
  15271 16
  25574 17
  23658 18
  36140 19
   6225 2
  49215 20
  66129 21
  88495 22
  79267 23
 143501 24
 266070 25
   9313 26
 856736 27
   6629 28
   5853 29
  47215 3
  14965 30
  18304 31
   3252 32
  49443 33
   7161 34
   7393 35
  13951 36
  24499 37
   6326 38
  63686 39
  11063 4
 996400 40
  12607 41
  44272 42
  34832 43
  30239 44
 101213 45
  51397 46
 127642 47
 170261 48
 160208 49
  12218 5
 739494 50
  41108 51
  73231 52
  22943 53
  40835 54
  93384 55
   5878 56
 150295 57
   8201 58
  15910 59
  18279 6
107877299 60
  27369 7
  12918 8
  54829 9
