5116813 0
  21946 1
  28835 10
  10173 11
  18147 12
  25003 13
   8029 14
  42394 15
  14454 16
  24430 17
  22331 18
  34215 19
   6525 2
  43229 20
  59991 21
  78496 22
  73671 23
 135668 24
 257614 25
   8967 26
 770076 27
   6283 28
   5963 29
  43436 3
  14632 30
  17306 31
   3460 32
  44252 33
   6692 34
   6899 35
  12778 36
  21626 37
   5808 38
  56214 39
  11198 4
 931993 40
  12058 41
  39127 42
  31916 43
  27013 44
  88064 45
  46605 46
 116394 47
 153972 48
 143617 49
  12224 5
 649610 50
  34735 51
  64467 52
  20555 53
  35495 54
  82590 55
   5776 56
 132940 57
   7924 58
  14313 59
  17931 6
96221292 60
  26005 7
  12374 8
  50250 9
