5180028 0
  22415 1
  28977 10
   9657 11
  19276 12
  25199 13
   8044 14
  45040 15
  14802 16
  26294 17
  24484 18
  36528 19
   6385 2
  47242 20
  63537 21
  82637 22
  78513 23
 145836 24
 267420 25
   9044 26
 845704 27
   6313 28
   6122 29
  45544 3
  15037 30
  17502 31
   3070 32
  47757 33
   6688 34
   6803 35
  13658 36
  22935 37
   5786 38
  61457 39
  11363 4
 985996 40
  13301 41
  43892 42
  36212 43
  29585 44
 105344 45
  50623 46
 124662 47
 174214 48
 159626 49
  12065 5
 703630 50
  43488 51
  69303 52
  22779 53
  42510 54
  89874 55
   8140 56
 151600 57
   9716 58
  17996 59
  19160 6
110366267 60
  26560 7
  12518 8
  52452 9
