4955360 0
  22511 1
  27847 10
   9312 11
  19423 12
  27630 13
   8863 14
  45564 15
  14207 16
  23685 17
  22894 18
  34068 19
   5822 2
  43716 20
  62658 21
  82320 22
  76634 23
 142788 24
 291485 25
   9019 26
 837916 27
   6053 28
   5719 29
  45958 3
  15445 30
  18601 31
   3262 32
  48706 33
   6517 34
   6785 35
  14215 36
  23709 37
   6214 38
  62097 39
  10472 4
1009074 40
  13600 41
  44709 42
  39767 43
  29099 44
 111398 45
  51449 46
 124636 47
 187230 48
 161765 49
  11132 5
 714784 50
  51740 51
  70460 52
  22993 53
  50660 54
  94236 55
   9201 56
 156927 57
  10039 58
  19339 59
  18591 6
106650516 60
  28059 7
  12501 8
  51616 9
