5533076 0
  23329 1
  30256 10
   9900 11
  19244 12
  27911 13
   8557 14
  49294 15
  15446 16
  25163 17
  22951 18
  35804 19
   6320 2
  47800 20
  68895 21
  89940 22
  83910 23
 152937 24
 299967 25
   9211 26
 928252 27
   6382 28
   6156 29
  50054 3
  15745 30
  19472 31
   3212 32
  52855 33
   6759 34
   7113 35
  13783 36
  25185 37
   5933 38
  67360 39
  10975 4
1094032 40
  12863 41
  45793 42
  35970 43
  30183 44
 102943 45
  52698 46
 132840 47
 183128 48
 162814 49
  11972 5
 803370 50
  36242 51
  75467 52
  23562 53
  35494 54
  99350 55
   5731 56
 157862 57
   8563 58
  15141 59
  18611 6
117149743 60
  29010 7
  13483 8
  56212 9
