4945855 0
  22071 1
  28439 10
   9428 11
  19504 12
  26111 13
   8298 14
  46016 15
  14476 16
  21878 17
  22236 18
  36096 19
   6278 2
  47272 20
  67622 21
  87153 22
  77943 23
 141592 24
 264861 25
   9285 26
 822702 27
   6241 28
   5867 29
  46285 3
  15789 30
  18228 31
   3445 32
  49165 33
   6794 34
   7470 35
  15437 36
  25204 37
   7061 38
  66492 39
  10729 4
 981789 40
  13895 41
  48887 42
  38288 43
  30533 44
 111086 45
  51017 46
 123033 47
 175878 48
 164172 49
  11674 5
 682105 50
  52662 51
  68088 52
  22930 53
  50013 54
  89314 55
   9569 56
 152090 57
  10233 58
  20577 59
  18650 6
106344951 60
  27007 7
  12557 8
  52988 9
