5034205 0
  23509 1
  28265 10
   9600 11
  22348 12
  25991 13
   8327 14
  47403 15
  14185 16
  22423 17
  25944 18
  38779 19
   6605 2
  49921 20
  66107 21
  85986 22
  78034 23
 150060 24
 271106 25
   9424 26
 831812 27
   6527 28
   6054 29
  48405 3
  18563 30
  18874 31
   3565 32
  50318 33
   6914 34
   7350 35
  16720 36
  24696 37
   6798 38
  63076 39
  10885 4
 997485 40
  16370 41
  49039 42
  39818 43
  36183 44
 110970 45
  57959 46
 130357 47
 188971 48
 183937 49
  12133 5
 653105 50
  57613 51
  70891 52
  26833 53
  66314 54
  90767 55
  13669 56
 162333 57
  17100 58
  27674 59
  22254 6
106835522 60
  27927 7
  13461 8
  54692 9
