4943637 0
  23250 1
  27305 10
   9890 11
  23643 12
  27074 13
   9029 14
  46527 15
  15231 16
  22735 17
  26071 18
  37173 19
   7677 2
  50240 20
  63730 21
  82053 22
  74092 23
 138572 24
 264154 25
   8897 26
 800808 27
   6302 28
   5804 29
  47568 3
  18557 30
  18136 31
   3460 32
  48009 33
   7051 34
   7037 35
  16650 36
  23752 37
   6639 38
  60029 39
  11973 4
1016546 40
  16536 41
  49020 42
  38369 43
  36157 44
 105548 45
  57598 46
 128737 47
 181197 48
 183134 49
  12636 5
 638217 50
  51489 51
  70344 52
  26279 53
  59416 54
  90770 55
  13237 56
 156411 57
  17253 58
  26845 59
  22714 6
106883031 60
  27945 7
  13382 8
  53165 9
