5348688 0
  23349 1
  27651 10
   9811 11
  19582 12
  25943 13
   8526 14
  44352 15
  13134 16
  19066 17
  21649 18
  35869 19
   7128 2
  48441 20
  61789 21
  79867 22
  73967 23
 134099 24
 260039 25
   9279 26
 759111 27
   6426 28
   5774 29
  46225 3
  16282 30
  18309 31
   3482 32
  46308 33
   6524 34
   6925 35
  14365 36
  22698 37
   6369 38
  58079 39
  11624 4
 941827 40
  13218 41
  41885 42
  33903 43
  28928 44
  93515 45
  48240 46
 113980 47
 159772 48
 150355 49
  12214 5
 628809 50
  44950 51
  63865 52
  22192 53
  47675 54
  83665 55
   8334 56
 140206 57
   9838 58
  18547 59
  19948 6
95403943 60
  27946 7
  14005 8
  51905 9
