5217164 0
  22258 1
  27140 10
   9245 11
  19027 12
  25437 13
   9037 14
  42983 15
  13603 16
  24918 17
  23930 18
  34476 19
   6395 2
  41711 20
  61058 21
  76689 22
  69463 23
 131081 24
 250303 25
   9095 26
 742431 27
   6135 28
   5735 29
  44018 3
  15234 30
  17036 31
   3121 32
  44652 33
   6299 34
   6701 35
  13471 36
  22273 37
   6575 38
  55509 39
  10967 4
 909259 40
  12630 41
  40706 42
  31944 43
  28409 44
  86341 45
  47677 46
 113563 47
 147241 48
 148374 49
  11807 5
 608843 50
  41921 51
  63759 52
  21650 53
  49709 54
  83383 55
   7653 56
 139544 57
  10099 58
  17658 59
  18922 6
91275119 60
  27250 7
  13076 8
  49958 9
