5511913 0
  22130 1
  30232 10
   9178 11
  17415 12
  24834 13
   7388 14
  46499 15
  13529 16
  21484 17
  20866 18
  33652 19
   5762 2
  47310 20
  68729 21
  91873 22
  84902 23
 154202 24
 287779 25
   9584 26
 904911 27
   6170 28
   5857 29
  47701 3
  14479 30
  18550 31
   2951 32
  51742 33
   6774 34
   6958 35
  13358 36
  24555 37
   5916 38
  65904 39
  10677 4
1025697 40
  12289 41
  44124 42
  34647 43
  30002 44
 100127 45
  51103 46
 131596 47
 174361 48
 166634 49
  11506 5
 764793 50
  37885 51
  73384 52
  23131 53
  38265 54
  95018 55
   5592 56
 154022 57
   8082 58
  15021 59
  17153 6
115912930 60
  26979 7
  12711 8
  53723 9
