5152329 0
  23674 1
  29322 10
   9889 11
  22594 12
  26518 13
   8742 14
  47615 15
  14174 16
  22757 17
  25692 18
  35941 19
   7050 2
  50766 20
  68685 21
  88844 22
  80639 23
 152515 24
 277452 25
   9857 26
 843578 27
   6548 28
   6320 29
  48159 3
  18248 30
  19305 31
   3615 32
  50310 33
   7041 34
   7399 35
  16832 36
  24376 37
   6724 38
  62870 39
  12355 4
1011998 40
  16307 41
  48937 42
  39331 43
  35984 44
 108813 45
  57819 46
 132118 47
 185497 48
 182590 49
  12367 5
 677682 50
  48901 51
  72495 52
  26546 53
  52246 54
  91979 55
  12098 56
 156677 57
  16164 58
  25176 59
  22501 6
107174698 60
  28979 7
  14025 8
  55249 9
