5495163 0
  21716 1
  30485 10
   9278 11
  17174 12
  24461 13
   7217 14
  44655 15
  13482 16
  21123 17
  21058 18
  37006 19
   5743 2
  47105 20
  64226 21
  89028 22
  82027 23
 144713 24
 281004 25
   8982 26
 875573 27
   6250 28
   5748 29
  45590 3
  14039 30
  17976 31
   3172 32
  48885 33
   6643 34
   7086 35
  13204 36
  24287 37
   5676 38
  62911 39
  10841 4
 987182 40
  12390 41
  42876 42
  34849 43
  29610 44
  97496 45
  49351 46
 126552 47
 172385 48
 161561 49
  11663 5
 746945 50
  36023 51
  70774 52
  21820 53
  34873 54
  92338 55
   5524 56
 147623 57
   7715 58
  14612 59
  17345 6
110200299 60
  27021 7
  12791 8
  53128 9
