4951761 0
  23124 1
  29049 10
  10115 11
  18862 12
  25218 13
   7747 14
  45798 15
  13973 16
  20018 17
  22403 18
  36705 19
   6804 2
  46888 20
  63782 21
  85056 22
  80257 23
 140514 24
 272358 25
   9001 26
 847667 27
   6276 28
   5634 29
  47559 3
  16398 30
  18067 31
   3213 32
  49170 33
   6439 34
   6820 35
  14335 36
  23747 37
   6349 38
  62184 39
  11166 4
1042740 40
  13564 41
  45324 42
  37290 43
  30429 44
 107827 45
  51679 46
 125851 47
 178395 48
 165890 49
  12213 5
 706598 50
  48754 51
  71500 52
  23497 53
  48010 54
  92551 55
   8859 56
 155818 57
   9979 58
  19162 59
  19419 6
108728524 60
  26973 7
  12393 8
  53628 9
