5462839 0
  23080 1
  29287 10
  10212 11
  19115 12
  27406 13
   8797 14
  49641 15
  14831 16
  23244 17
  23566 18
  36903 19
   6439 2
  50726 20
  69193 21
  94757 22
  86873 23
 156620 24
 292178 25
   9347 26
 913043 27
   6263 28
   5760 29
  49971 3
  15937 30
  19137 31
   3201 32
  52730 33
   7028 34
   7210 35
  14001 36
  25500 37
   5881 38
  65465 39
  11189 4
1094077 40
  13340 41
  45327 42
  35516 43
  31424 44
 103724 45
  54381 46
 135184 47
 179491 48
 167925 49
  12424 5
 783462 50
  37727 51
  75548 52
  23628 53
  36958 54
  97753 55
   5884 56
 156411 57
   8514 58
  15295 59
  18601 6
114982474 60
  28449 7
  13180 8
  57706 9
