4896811 0
  24064 1
  26985 10
  10115 11
  23609 12
  28145 13
   9476 14
  48051 15
  14372 16
  20310 17
  26976 18
  37148 19
   7779 2
  50370 20
  65573 21
  86422 22
  78241 23
 145120 24
 264600 25
   9300 26
 818166 27
   6355 28
   6037 29
  47644 3
  18590 30
  18118 31
   3459 32
  48868 33
   7129 34
   7340 35
  16921 36
  24440 37
   6023 38
  61293 39
  12095 4
1023714 40
  16045 41
  47952 42
  38012 43
  35229 44
 106931 45
  57350 46
 129697 47
 181524 48
 178480 49
  12661 5
 649069 50
  49656 51
  70702 52
  26409 53
  54622 54
  91663 55
  12625 56
 155812 57
  17079 58
  25816 59
  22989 6
105537631 60
  29089 7
  13342 8
  55142 9
