4538853 0
  21097 1
  27034 10
   8753 11
  19024 12
  25106 13
   8587 14
  46429 15
  12336 16
  16311 17
  20996 18
  35114 19
   6183 2
  45251 20
  63697 21
  80226 22
  72844 23
 140365 24
 256790 25
   8669 26
 845497 27
   5940 28
   5658 29
  45519 3
  14957 30
  16714 31
   3159 32
  48158 33
   6272 34
   6642 35
  13415 36
  21637 37
   5721 38
  60616 39
  10079 4
 986222 40
  13477 41
  45733 42
  37071 43
  30597 44
 106356 45
  50386 46
 123483 47
 174240 48
 157484 49
  10474 5
 709464 50
  47323 51
  70488 52
  22706 53
  46371 54
  89869 55
   8394 56
 154952 57
   9448 58
  18117 59
  17564 6
109871388 60
  26552 7
  12446 8
  52468 9
