5384598 0
  23674 1
  30997 10
  10194 11
  19134 12
  27209 13
   8788 14
  48992 15
  14624 16
  19562 17
  21384 18
  38270 19
   6601 2
  52758 20
  68418 21
  92020 22
  82273 23
 147773 24
 286296 25
   9728 26
 896297 27
   6428 28
   6249 29
  48903 3
  14776 30
  18995 31
   3628 32
  51108 33
   7122 34
   7532 35
  13260 36
  24858 37
   6331 38
  64348 39
  11809 4
1029244 40
  13100 41
  44666 42
  37081 43
  30383 44
 106208 45
  50881 46
 128414 47
 179178 48
 159561 49
  12494 5
 748257 50
  43584 51
  71517 52
  22430 53
  40710 54
  94332 55
   6927 56
 154935 57
   7996 58
  16470 59
  17970 6
110734566 60
  29397 7
  14008 8
  55738 9
