5189555 0
  23303 1
  28720 10
  10180 11
  19017 12
  25626 13
   8260 14
  46793 15
  15525 16
  26115 17
  23532 18
  36513 19
   6720 2
  47228 20
  64879 21
  86336 22
  79133 23
 143412 24
 279821 25
   9608 26
 852386 27
   6341 28
   5914 29
  47157 3
  15860 30
  18255 31
   3277 32
  48531 33
   6661 34
   6668 35
  14055 36
  24056 37
   6521 38
  62008 39
  11272 4
1010912 40
  13083 41
  44598 42
  36524 43
  30238 44
 106394 45
  52633 46
 126257 47
 178777 48
 167646 49
  12177 5
 702156 50
  49031 51
  69429 52
  22840 53
  49976 54
  91897 55
   8182 56
 156520 57
   9715 58
  18645 59
  19094 6
106404052 60
  27564 7
  13174 8
  53813 9
