5552245 0
  22628 1
  30486 10
   9654 11
  18923 12
  26162 13
   8504 14
  46428 15
  15541 16
  24891 17
  22103 18
  35229 19
   6446 2
  45621 20
  64771 21
  87009 22
  78638 23
 145925 24
 279255 25
   9812 26
 852385 27
   6611 28
   5936 29
  46683 3
  15264 30
  18982 31
   3339 32
  48840 33
   6845 34
   6968 35
  13908 36
  24099 37
   6186 38
  62490 39
  11175 4
1017827 40
  12532 41
  43410 42
  34041 43
  29380 44
  95622 45
  50719 46
 125700 47
 168117 48
 155888 49
  11818 5
 723571 50
  35519 51
  70726 52
  22097 53
  35230 54
  91598 55
   5967 56
 145939 57
   8377 58
  15430 59
  18261 6
105465416 60
  27888 7
  13296 8
  54328 9
