4771510 0
  21985 1
  25064 10
   8760 11
  18661 12
  26778 13
   8566 14
  43525 15
  12997 16
  19997 17
  21350 18
  37015 19
   6265 2
  45912 20
  59038 21
  73182 22
  69060 23
 139181 24
 271764 25
   8527 26
 775145 27
   5712 28
   5846 29
  44325 3
  15032 30
  16902 31
   2825 32
  46164 33
   6086 34
   6648 35
  13532 36
  22712 37
   6284 38
  56679 39
   9904 4
 934408 40
  12641 41
  40755 42
  34121 43
  28098 44
  99974 45
  47955 46
 115977 47
 168783 48
 151797 49
  10752 5
 637183 50
  49261 51
  64211 52
  21247 53
  51066 54
  85323 55
   8373 56
 148264 57
   9157 58
  18486 59
  17385 6
99966895 60
  26630 7
  12478 8
  49715 9
