7346342 0
  32032 1
  36651 10
  12738 11
  25495 12
  35106 13
  11500 14
  60159 15
  19147 16
  28256 17
  30398 18
  49507 19
   8622 2
  57263 20
  84751 21
 103668 22
 101252 23
 191290 24
 374751 25
  12375 26
1056412 27
   9124 28
   8864 29
  64587 3
  23349 30
  26275 31
   4059 32
  64611 33
   9125 34
  10036 35
  20134 36
  33023 37
   8864 38
  81741 39
  15376 4
1307862 40
  20430 41
  59731 42
  47176 43
  45219 44
 127793 45
  75690 46
 172084 47
 223273 48
 234372 49
  16840 5
 865461 50
  48599 51
  92426 52
  34617 53
  51496 54
 115949 55
  12064 56
 182990 57
  18652 58
  28888 59
  27241 6
131301989 60
  39021 7
  18080 8
  72562 9
