4915401 0
  22042 1
  27769 10
   9454 11
  18408 12
  25493 13
   7360 14
  46349 15
  13807 16
  21234 17
  21720 18
  35552 19
   5981 2
  44357 20
  63199 21
  78079 22
  78578 23
 136914 24
 280332 25
   9132 26
 847301 27
   6148 28
   6187 29
  46600 3
  15144 30
  17839 31
   3208 32
  48379 33
   6218 34
   6996 35
  13250 36
  23635 37
   6185 38
  62043 39
  10734 4
 994507 40
  12938 41
  43668 42
  37238 43
  29755 44
 104807 45
  50106 46
 122940 47
 175720 48
 166360 49
  11913 5
 697299 50
  45947 51
  68961 52
  22659 53
  44613 54
  91235 55
   7824 56
 152947 57
   9551 58
  18402 59
  18528 6
107802952 60
  27096 7
  12842 8
  52773 9
