5450917 0
  22246 1
  30016 10
  10036 11
  18336 12
  25485 13
   7794 14
  46763 15
  14253 16
  21047 17
  20915 18
  35292 19
   6350 2
  46335 20
  66432 21
  86292 22
  82739 23
 146308 24
 281805 25
   9417 26
 870145 27
   6401 28
   6538 29
  47253 3
  15376 30
  17976 31
   3324 32
  49564 33
   6763 34
   7143 35
  13377 36
  24735 37
   6204 38
  63607 39
  11016 4
1026509 40
  12797 41
  42583 42
  33979 43
  29377 44
  97735 45
  50754 46
 127192 47
 169342 48
 157808 49
  12487 5
 733672 50
  34474 51
  71391 52
  23053 53
  34246 54
  92218 55
   5392 56
 146575 57
   8006 58
  14622 59
  17789 6
107945622 60
  27371 7
  13100 8
  54859 9
