5505862 0
  22705 1
  29527 10
  10741 11
  18850 12
  25654 13
   8792 14
  46324 15
  15282 16
  29438 17
  26635 18
  36324 19
   6678 2
  47239 20
  67197 21
  87682 22
  81360 23
 139238 24
 269451 25
   9789 26
 831615 27
   6356 28
   6136 29
  45797 3
  15032 30
  18487 31
   3324 32
  48439 33
   6441 34
   7055 35
  14786 36
  24517 37
   6612 38
  62501 39
  11276 4
 975091 40
  13371 41
  44763 42
  37752 43
  30323 44
 110072 45
  51055 46
 123188 47
 178525 48
 166958 49
  12751 5
 698794 50
  51241 51
  68984 52
  22842 53
  47174 54
  90217 55
   8341 56
 153071 57
   9074 58
  19163 59
  18823 6
105260382 60
  26733 7
  12493 8
  52239 9
