5636555 0
  22099 1
  29509 10
   9685 11
  18997 12
  26096 13
   8337 14
  46673 15
  14799 16
  25088 17
  23250 18
  34851 19
   6031 2
  47187 20
  66004 21
  87254 22
  82723 23
 147736 24
 279121 25
   9284 26
 877034 27
   5803 28
   5855 29
  46441 3
  14816 30
  17944 31
   3133 32
  48809 33
   6146 34
   7022 35
  13087 36
  23614 37
   5874 38
  62346 39
  10799 4
1030527 40
  12141 41
  43143 42
  33815 43
  29770 44
  98426 45
  51243 46
 126490 47
 170512 48
 161564 49
  11980 5
 732246 50
  38208 51
  70825 52
  22749 53
  37856 54
  93082 55
   6063 56
 150655 57
   8100 58
  15904 59
  17633 6
109549059 60
  26930 7
  12667 8
  54090 9
