4859672 0
  21989 1
  28854 10
   9816 11
  18815 12
  25224 13
   8245 14
  47238 15
  14042 16
  22679 17
  22624 18
  34482 19
   6304 2
  45931 20
  64662 21
  79802 22
  74092 23
 133969 24
 260806 25
   9560 26
 850598 27
   6304 28
   5807 29
  47935 3
  15263 30
  17831 31
   3003 32
  49626 33
   6315 34
   6844 35
  13939 36
  22831 37
   6209 38
  63032 39
  10961 4
1001853 40
  13306 41
  44840 42
  37285 43
  29547 44
 108756 45
  49602 46
 122425 47
 176628 48
 163947 49
  11539 5
 704688 50
  51118 51
  70553 52
  22856 53
  50262 54
  92228 55
   9085 56
 159450 57
  10206 58
  19819 59
  18654 6
107957028 60
  26574 7
  12326 8
  53544 9
