5765969 0
  26202 1
  34058 10
  12082 11
  22541 12
  29824 13
  10545 14
  51584 15
  16997 16
  28748 17
  27184 18
  39822 19
   8479 2
  54025 20
  72624 21
  91048 22
  85722 23
 156643 24
 294063 25
  11938 26
 924576 27
   8050 28
   7858 29
  52378 3
  18541 30
  21304 31
   4610 32
  54521 33
   8308 34
   8904 35
  17421 36
  26556 37
   8190 38
  69796 39
  13850 4
1100591 40
  15205 41
  47156 42
  38718 43
  33062 44
 103376 45
  55716 46
 134554 47
 180156 48
 163579 49
  14507 5
 787883 50
  40350 51
  76654 52
  25127 53
  38081 54
  98186 55
   8134 56
 156974 57
  10549 58
  18058 59
  22852 6
115612296 60
  32020 7
  15127 8
  59968 9
