5436941 0
  22778 1
  30869 10
   9535 11
  18159 12
  25737 13
   8054 14
  47257 15
  14076 16
  21038 17
  21329 18
  37163 19
   6411 2
  51973 20
  68830 21
  89390 22
  83673 23
 153682 24
 288226 25
   9564 26
 907111 27
   6370 28
   5941 29
  48967 3
  14829 30
  18795 31
   3229 32
  51549 33
   6789 34
   7145 35
  13421 36
  25040 37
   6073 38
  66309 39
  10878 4
1049302 40
  12510 41
  44158 42
  35158 43
  30471 44
 100678 45
  51944 46
 130368 47
 176672 48
 163414 49
  11942 5
 760525 50
  38847 51
  73096 52
  23076 53
  36658 54
  95544 55
   5689 56
 153886 57
   8218 58
  15128 59
  17811 6
111895856 60
  28491 7
  13460 8
  56284 9
