5202103 0
  22902 1
  29444 10
   9562 11
  19619 12
  25762 13
   8156 14
  48107 15
  14537 16
  19087 17
  21975 18
  36997 19
   6643 2
  51939 20
  69094 21
  92060 22
  84886 23
 158489 24
 289811 25
   9384 26
 889888 27
   6600 28
   6056 29
  48618 3
  15629 30
  18754 31
   3289 32
  49997 33
   6789 34
   7143 35
  14562 36
  25779 37
   6679 38
  64735 39
  11178 4
1015398 40
  14305 41
  46010 42
  38957 43
  32203 44
 111833 45
  53596 46
 130409 47
 185250 48
 170894 49
  11919 5
 713858 50
  49893 51
  71164 52
  23226 53
  47322 54
  93868 55
   8543 56
 157973 57
   9935 58
  18758 59
  19633 6
110480634 60
  28832 7
  13528 8
  54846 9
