5097649 0
  23535 1
  28560 10
  10165 11
  20094 12
  26507 13
   8581 14
  45380 15
  15219 16
  21876 17
  23623 18
  37220 19
   7152 2
  48875 20
  64695 21
  85616 22
  78955 23
 138476 24
 273903 25
   9230 26
 811173 27
   6756 28
   6389 29
  46445 3
  15794 30
  18581 31
   3322 32
  47662 33
   6949 34
   7192 35
  14547 36
  23697 37
   6355 38
  61654 39
  11918 4
 979717 40
  13634 41
  44286 42
  36833 43
  30111 44
 105129 45
  50183 46
 121574 47
 174745 48
 159967 49
  13155 5
 679277 50
  46912 51
  68425 52
  22581 53
  45613 54
  88863 55
   8256 56
 148086 57
   9831 58
  18859 59
  19948 6
108044412 60
  28886 7
  13715 8
  52862 9
