5246928 0
  22809 1
  28425 10
   9831 11
  18526 12
  26421 13
   8329 14
  45129 15
  15101 16
  22733 17
  21601 18
  34814 19
   6439 2
  47044 20
  64762 21
  89396 22
  81196 23
 143947 24
 278074 25
   8781 26
 827069 27
   6440 28
   6002 29
  46090 3
  14554 30
  18165 31
   3165 32
  48230 33
   6821 34
   7039 35
  13343 36
  24198 37
   5838 38
  62595 39
  11516 4
 988418 40
  12163 41
  42283 42
  33486 43
  28768 44
  95131 45
  49882 46
 123103 47
 165523 48
 156099 49
  12281 5
 704712 50
  37189 51
  68853 52
  21502 53
  35729 54
  88811 55
   5531 56
 142505 57
   7706 58
  14381 59
  17705 6
104326999 60
  27772 7
  12740 8
  53015 9
