5302592 0
  22638 1
  28699 10
   9734 11
  18474 12
  25693 13
   8244 14
  44806 15
  14986 16
  22577 17
  22427 18
  36605 19
   6598 2
  49452 20
  62892 21
  85745 22
  76269 23
 137686 24
 265769 25
   9744 26
 811226 27
   6273 28
   5935 29
  45599 3
  15564 30
  18145 31
   3210 32
  47343 33
   6467 34
   6600 35
  13579 36
  23571 37
   6456 38
  59721 39
  11086 4
 969359 40
  12676 41
  43706 42
  35073 43
  28780 44
  97700 45
  49178 46
 122100 47
 166286 48
 152337 49
  11829 5
 695327 50
  41821 51
  67740 52
  22219 53
  40600 54
  89374 55
   7353 56
 144964 57
   9273 58
  17175 59
  18680 6
101304092 60
  27412 7
  13253 8
  52331 9
