5363904 0
  23818 1
  30249 10
  10492 11
  20086 12
  27040 13
   9066 14
  47715 15
  14758 16
  25614 17
  25038 18
  37087 19
   7112 2
  49646 20
  68871 21
  88616 22
  78626 23
 142604 24
 271718 25
   9672 26
 841791 27
   6605 28
   6225 29
  49925 3
  16301 30
  18638 31
   3556 32
  49651 33
   6994 34
   7201 35
  14683 36
  25081 37
   7005 38
  63051 39
  11629 4
1032457 40
  13604 41
  44515 42
  36265 43
  31591 44
 102802 45
  52177 46
 124697 47
 171023 48
 163028 49
  12706 5
 691157 50
  47199 51
  69160 52
  23633 53
  47142 54
  90911 55
   8403 56
 153769 57
  10414 58
  19173 59
  19533 6
105943864 60
  28010 7
  13432 8
  54548 9
