4981017 0
  21249 1
  28009 10
   9172 11
  19151 12
  24855 13
   8392 14
  45004 15
  11908 16
  16419 17
  20911 18
  33600 19
   6430 2
  47956 20
  63317 21
  80431 22
  74368 23
 134320 24
 259279 25
   9649 26
 816537 27
   5887 28
   5925 29
  45662 3
  15118 30
  18027 31
   3155 32
  47887 33
   6249 34
   6800 35
  13860 36
  23000 37
   6193 38
  62283 39
  10285 4
 997468 40
  13559 41
  44291 42
  35219 43
  30370 44
 100801 45
  50553 46
 121348 47
 167920 48
 160861 49
  11028 5
 692156 50
  43812 51
  68264 52
  23274 53
  42385 54
  88906 55
   8219 56
 147049 57
  10110 58
  18341 59
  18147 6
106145570 60
  26250 7
  12875 8
  52846 9
