5271943 0
  22028 1
  29444 10
   9662 11
  19965 12
  25231 13
   8798 14
  44693 15
  13485 16
  17842 17
  22595 18
  34814 19
   6864 2
  50223 20
  63798 21
  80255 22
  75148 23
 134111 24
 252462 25
   9814 26
 801760 27
   6233 28
   6275 29
  45481 3
  16334 30
  17799 31
   3368 32
  47161 33
   6664 34
   6799 35
  14319 36
  22794 37
   6347 38
  60000 39
  11333 4
 971204 40
  13999 41
  43798 42
  35123 43
  30890 44
  96410 45
  51688 46
 119384 47
 164379 48
 156602 49
  11652 5
 659635 50
  41207 51
  66820 52
  23285 53
  42221 54
  86027 55
   9220 56
 144552 57
  12065 58
  19623 59
  19880 6
99895656 60
  27380 7
  13730 8
  53205 9
