5298387 0
  21981 1
  28395 10
   9680 11
  19075 12
  25293 13
   8048 14
  46555 15
  13530 16
  22874 17
  23123 18
  33018 19
   6354 2
  40660 20
  65040 21
  83626 22
  76028 23
 140617 24
 263358 25
   8933 26
 849545 27
   6043 28
   5555 29
  46765 3
  15153 30
  17222 31
   3076 32
  48604 33
   6111 34
   6658 35
  14141 36
  22577 37
   6022 38
  61652 39
  10519 4
 999885 40
  12540 41
  43267 42
  33325 43
  29561 44
  96644 45
  50476 46
 121154 47
 164678 48
 161095 49
  11563 5
 697932 50
  40247 51
  69218 52
  23615 53
  40352 54
  89299 55
   7856 56
 148919 57
  10188 58
  17804 59
  18589 6
107193169 60
  26140 7
  12201 8
  53282 9
