4796835 0
  20388 1
  26039 10
   8701 11
  19573 12
  24845 13
   8245 14
  42862 15
  12634 16
  18951 17
  21388 18
  32389 19
   5572 2
  42277 20
  62136 21
  83381 22
  75331 23
 134564 24
 253896 25
   8518 26
 781524 27
   5888 28
   5686 29
  44517 3
  15610 30
  17344 31
   2778 32
  46941 33
   6333 34
   6636 35
  14237 36
  22575 37
   5808 38
  59073 39
   9964 4
 967892 40
  13099 41
  42779 42
  33996 43
  29685 44
  97081 45
  50023 46
 121425 47
 166408 48
 158640 49
  10387 5
 669225 50
  43577 51
  67882 52
  23398 53
  45011 54
  87487 55
   8410 56
 144659 57
  10692 58
  18872 59
  18277 6
102681025 60
  25125 7
  11789 8
  49519 9
