5344425 0
  22981 1
  29525 10
  10489 11
  18270 12
  25734 13
   7866 14
  46455 15
  14220 16
  21549 17
  21636 18
  36705 19
   6566 2
  49245 20
  67967 21
  86791 22
  81485 23
 141955 24
 275482 25
   9674 26
 839939 27
   6744 28
   6493 29
  47413 3
  15465 30
  18662 31
   3444 32
  49677 33
   6861 34
   7506 35
  13964 36
  24454 37
   6871 38
  62587 39
  11309 4
1010619 40
  13343 41
  43349 42
  34837 43
  30126 44
  99394 45
  51458 46
 124848 47
 168699 48
 164775 49
  12475 5
 696802 50
  43394 51
  69605 52
  22825 53
  42387 54
  90281 55
   7016 56
 148617 57
   8882 58
  17119 59
  18010 6
103728072 60
  27134 7
  13245 8
  54755 9
