5113163 0
  22695 1
  28317 10
  10084 11
  18811 12
  25335 13
   7954 14
  46284 15
  13986 16
  23589 17
  23630 18
  38239 19
   6519 2
  49950 20
  66647 21
  84338 22
  75172 23
 139250 24
 269747 25
   9198 26
 838533 27
   6661 28
   5974 29
  47490 3
  16217 30
  18255 31
   3516 32
  49139 33
   6825 34
   7233 35
  14722 36
  23568 37
   6969 38
  62587 39
  10989 4
1015697 40
  14081 41
  44413 42
  36108 43
  30930 44
 105843 45
  52165 46
 122769 47
 172589 48
 165740 49
  12271 5
 686338 50
  48183 51
  68696 52
  23443 53
  47351 54
  90062 55
   8683 56
 151447 57
  10303 58
  19446 59
  18846 6
107785754 60
  27347 7
  12782 8
  53636 9
