4642039 0
  21088 1
  26233 10
   8640 11
  17778 12
  23074 13
   7492 14
  42736 15
  11488 16
  18874 17
  21763 18
  33552 19
   6157 2
  48096 20
  60331 21
  72811 22
  66920 23
 127663 24
 248091 25
   8952 26
 758951 27
   5908 28
   5195 29
  44251 3
  14990 30
  17059 31
   2946 32
  44879 33
   6002 34
   6146 35
  13595 36
  22626 37
   6125 38
  55227 39
  10208 4
 901224 40
  12821 41
  40738 42
  33697 43
  28293 44
  95189 45
  45379 46
 110010 47
 160783 48
 149595 49
  10498 5
 610537 50
  49498 51
  61723 52
  21177 53
  53399 54
  82846 55
   9527 56
 142503 57
  10383 58
  20070 59
  18167 6
100451994 60
  24880 7
  12057 8
  50683 9
