5539198 0
  22501 1
  30197 10
  10257 11
  19413 12
  26449 13
   8923 14
  46553 15
  16383 16
  28527 17
  22619 18
  35408 19
   6997 2
  49450 20
  65444 21
  83175 22
  78422 23
 137926 24
 270854 25
   9669 26
 837692 27
   6014 28
   5902 29
  47779 3
  15646 30
  17808 31
   3322 32
  48683 33
   6528 34
   6781 35
  13822 36
  22351 37
   6484 38
  61768 39
  11779 4
1002673 40
  13059 41
  43155 42
  33784 43
  29875 44
  95451 45
  50823 46
 122617 47
 165338 48
 160659 49
  12587 5
 694052 50
  40739 51
  69048 52
  23273 53
  41059 54
  89720 55
   8000 56
 147458 57
  10085 58
  17697 59
  18769 6
105252437 60
  27439 7
  13889 8
  54448 9
