5185587 0
  20974 1
  27003 10
   9564 11
  18418 12
  23249 13
   7500 14
  42291 15
  14127 16
  22321 17
  22674 18
  32033 19
   6240 2
  42732 20
  60064 21
  75053 22
  69003 23
 126980 24
 241567 25
   8527 26
 766209 27
   5906 28
   5877 29
  43566 3
  14620 30
  16971 31
   2979 32
  44131 33
   6308 34
   6737 35
  13804 36
  20733 37
   5854 38
  56827 39
  10959 4
 909774 40
  12342 41
  40259 42
  31286 43
  28632 44
  88212 45
  47443 46
 112637 47
 151689 48
 151325 49
  11776 5
 633593 50
  36804 51
  62352 52
  21836 53
  38688 54
  81092 55
   7805 56
 135561 57
  10612 58
  17374 59
  18612 6
95457560 60
  25871 7
  12665 8
  50805 9
