5466055 0
  23950 1
  29871 10
  10490 11
  21357 12
  26342 13
   8397 14
  47788 15
  15642 16
  23876 17
  24663 18
  36213 19
   6993 2
  48343 20
  69286 21
  88993 22
  83332 23
 148325 24
 280766 25
   9659 26
 891501 27
   6880 28
   6398 29
  50298 3
  17114 30
  19360 31
   3399 32
  51444 33
   7258 34
   7729 35
  15450 36
  24589 37
   6521 38
  65816 39
  12048 4
1070050 40
  14479 41
  47184 42
  36471 43
  32541 44
 105964 45
  55216 46
 131755 47
 179365 48
 172694 49
  12903 5
 751418 50
  44604 51
  74450 52
  24806 53
  44053 54
  96100 55
   8572 56
 158577 57
  11243 58
  19290 59
  21094 6
110228238 60
  28725 7
  13437 8
  56921 9
