5788574 0
  18677 1
  23248 10
   8922 11
  17314 12
  21219 13
   6544 14
  39514 15
  12627 16
  20147 17
  21280 18
  31568 19
   5113 2
  39034 20
  56771 21
  71168 22
  70262 23
 127548 24
 239173 25
   7513 26
 742257 27
   5792 28
   5905 29
  40345 3
  13813 30
  17462 31
   2880 32
  46691 33
   6199 34
   6653 35
  13313 36
  21176 37
   4784 38
  56352 39
   9487 4
 743195 40
  13665 41
  43452 42
  35474 43
  30206 44
  98763 45
  52296 46
 127882 47
 176437 48
 152866 49
  10439 5
 742850 50
  31242 51
  68957 52
  22007 53
  31354 54
  86224 55
   7112 56
 118310 57
  10081 58
  15786 59
  17556 6
106141838 60
  23637 7
  10522 8
  45755 9
