5103374 0
  23283 1
  29376 10
   9819 11
  19008 12
  25999 13
   8014 14
  46898 15
  14540 16
  21728 17
  22259 18
  36412 19
   6688 2
  45945 20
  65685 21
  83492 22
  78994 23
 149120 24
 289653 25
   9098 26
 872349 27
   6340 28
   6144 29
  48781 3
  15521 30
  18502 31
   3191 32
  50220 33
   6507 34
   6889 35
  14363 36
  23722 37
   5991 38
  63507 39
  11413 4
1053359 40
  13218 41
  44164 42
  35300 43
  30351 44
 101546 45
  51236 46
 124997 47
 172988 48
 168796 49
  12001 5
 713962 50
  44526 51
  70494 52
  23060 53
  43150 54
  92402 55
   7843 56
 155735 57
   9899 58
  18107 59
  18823 6
110885981 60
  28033 7
  13364 8
  55402 9
