5271716 0
  22906 1
  29084 10
  10004 11
  19769 12
  26403 13
   8694 14
  45689 15
  14945 16
  21643 17
  23343 18
  35527 19
   6899 2
  47782 20
  63398 21
  80457 22
  74350 23
 138455 24
 268619 25
   9052 26
 816628 27
   6281 28
   5959 29
  46224 3
  16057 30
  17849 31
   3408 32
  47562 33
   6388 34
   7037 35
  14497 36
  22745 37
   6415 38
  60460 39
  11601 4
 986495 40
  13883 41
  44614 42
  34482 43
  31020 44
  96251 45
  51933 46
 122152 47
 166820 48
 159089 49
  12156 5
 672880 50
  40669 51
  67284 52
  23506 53
  42422 54
  87694 55
   9211 56
 145711 57
  12061 58
  19850 59
  20097 6
100817647 60
  27812 7
  13933 8
  53567 9
