4848965 0
  20796 1
  26710 10
   8933 11
  16961 12
  23961 13
   8123 14
  42196 15
  13215 16
  17566 17
  19740 18
  31955 19
   6411 2
  44348 20
  57149 21
  74650 22
  69487 23
 128073 24
 250001 25
   8745 26
 755510 27
   5643 28
   5492 29
  42393 3
  13425 30
  16460 31
   3025 32
  43787 33
   5911 34
   6423 35
  12572 36
  21122 37
   6003 38
  55962 39
   9753 4
 891071 40
  11529 41
  39230 42
  31705 43
  26597 44
  90556 45
  44119 46
 108333 47
 152062 48
 145376 49
  10564 5
 626893 50
  40276 51
  60970 52
  19485 53
  38723 54
  79841 55
   6644 56
 132778 57
   7827 58
  15362 59
  16679 6
94660185 60
  25463 7
  12647 8
  48822 9
