5480465 0
  22505 1
  30857 10
  10109 11
  19436 12
  25920 13
   8478 14
  47838 15
  15217 16
  26696 17
  24566 18
  36205 19
   6185 2
  48312 20
  67757 21
  88192 22
  81394 23
 149305 24
 288439 25
   9699 26
 894769 27
   6439 28
   6277 29
  48457 3
  15628 30
  19080 31
   3311 32
  50849 33
   6946 34
   7079 35
  14895 36
  24366 37
   6535 38
  63934 39
  11462 4
1052197 40
  13581 41
  45583 42
  35297 43
  31644 44
  98667 45
  52483 46
 129706 47
 172613 48
 170568 49
  12162 5
 746060 50
  37049 51
  72827 52
  24179 53
  36297 54
  94521 55
   7690 56
 151816 57
  11039 58
  17735 59
  19388 6
112918577 60
  27703 7
  13020 8
  55038 9
