4418524 0
  20242 1
  25042 10
   9342 11
  16979 12
  22669 13
   7219 14
  41938 15
  13506 16
  25832 17
  22422 18
  31958 19
   5577 2
  40637 20
  57710 21
  72522 22
  67438 23
 123326 24
 245526 25
   8615 26
 744228 27
   5568 28
   5117 29
  41627 3
  13734 30
  16024 31
   2681 32
  43842 33
   5786 34
   5918 35
  12911 36
  20882 37
   5803 38
  54851 39
   9968 4
 910844 40
  12235 41
  39955 42
  33390 43
  27691 44
  96921 45
  45392 46
 110438 47
 160457 48
 151914 49
  10893 5
 623679 50
  48009 51
  63395 52
  21221 53
  48099 54
  82901 55
   8783 56
 140924 57
  10398 58
  19236 59
  17151 6
98751294 60
  24108 7
  11142 8
  47275 9
