5152464 0
  25970 1
  30963 10
  10825 11
  20941 12
  29094 13
   8463 14
  48783 15
  14451 16
  22727 17
  24312 18
  36584 19
   7657 2
  51295 20
  67962 21
  85608 22
  81095 23
 149300 24
 296111 25
  10174 26
 838262 27
   6730 28
   6315 29
  49781 3
  16976 30
  19400 31
   3467 32
  49843 33
   6981 34
   7536 35
  15817 36
  25054 37
   6865 38
  62630 39
  12325 4
1021105 40
  14293 41
  45404 42
  38364 43
  32279 44
 109030 45
  52812 46
 125708 47
 178774 48
 177221 49
  13504 5
 669925 50
  52361 51
  69242 52
  23827 53
  53195 54
  89787 55
   9957 56
 156565 57
  11169 58
  21237 59
  21806 6
106133456 60
  31691 7
  14665 8
  59548 9
