5575059 0
  25977 1
  33544 10
  11166 11
  20865 12
  28854 13
   8329 14
  49647 15
  15121 16
  23380 17
  23997 18
  37107 19
   7429 2
  51896 20
  68936 21
  85092 22
  83279 23
 149212 24
 290931 25
  10342 26
 874638 27
   6650 28
   6576 29
  51243 3
  16404 30
  19216 31
   3578 32
  50932 33
   7193 34
   7639 35
  15289 36
  24753 37
   6962 38
  64790 39
  12796 4
1038359 40
  13824 41
  44720 42
  34936 43
  31778 44
  97906 45
  52019 46
 127681 47
 166886 48
 173714 49
  13664 5
 701629 50
  43003 51
  70650 52
  24002 53
  43890 54
  91008 55
   8375 56
 155316 57
  10906 58
  18640 59
  21730 6
108647946 60
  30995 7
  14887 8
  60397 9
