5761730 0
  24867 1
  30738 10
  11207 11
  20580 12
  27569 13
   9126 14
  46679 15
  15151 16
  24186 17
  25569 18
  37994 19
   7827 2
  50548 20
  67733 21
  85468 22
  85503 23
 145349 24
 275539 25
  10109 26
 828152 27
   7220 28
   6757 29
  49688 3
  17517 30
  19536 31
   3715 32
  49858 33
   7213 34
   7644 35
  15196 36
  25087 37
   6979 38
  64095 39
  13036 4
1004402 40
  14471 41
  45680 42
  36414 43
  31267 44
  98596 45
  53667 46
 128063 47
 167943 48
 152667 49
  14433 5
 712924 50
  37763 51
  71611 52
  24434 53
  39113 54
  92111 55
   7925 56
 146793 57
  11520 58
  18851 59
  21781 6
107525637 60
  30881 7
  15184 8
  55565 9
