5268471 0
  23291 1
  29125 10
  10151 11
  19097 12
  25939 13
   8680 14
  46786 15
  14050 16
  24773 17
  23766 18
  37330 19
   7005 2
  53050 20
  67059 21
  87899 22
  84545 23
 142357 24
 278881 25
   9115 26
 860175 27
   6531 28
   6222 29
  46976 3
  15325 30
  18629 31
   3466 32
  48789 33
   6825 34
   7078 35
  14135 36
  24121 37
   6057 38
  62644 39
  11678 4
1018033 40
  13195 41
  44156 42
  34339 43
  29932 44
  97916 45
  51013 46
 125301 47
 171188 48
 159540 49
  12734 5
 726079 50
  37416 51
  71451 52
  23018 53
  37585 54
  92020 55
   6739 56
 149296 57
   9603 58
  16513 59
  19277 6
111824840 60
  28037 7
  13765 8
  53549 9
