5160929 0
  21270 1
  28675 10
   9556 11
  19834 12
  25204 13
   8725 14
  44477 15
  13390 16
  19634 17
  22788 18
  34605 19
   6541 2
  47760 20
  63229 21
  81619 22
  74022 23
 137821 24
 263073 25
   9064 26
 814524 27
   6174 28
   6058 29
  45684 3
  15430 30
  17721 31
   3181 32
  47270 33
   6628 34
   6836 35
  14090 36
  22113 37
   6082 38
  59512 39
  11216 4
 963485 40
  13468 41
  43024 42
  33436 43
  30428 44
  92696 45
  50982 46
 122684 47
 161222 48
 160439 49
  11687 5
 670335 50
  35558 51
  67215 52
  23178 53
  36539 54
  86444 55
   8147 56
 141688 57
  11677 58
  18185 59
  19114 6
102500231 60
  27061 7
  13503 8
  52690 9
