4578313 0
  22571 1
  27833 10
   9438 11
  19435 12
  26121 13
   8323 14
  46185 15
  13254 16
  18188 17
  22052 18
  34532 19
   6468 2
  44134 20
  64992 21
  80862 22
  72261 23
 133843 24
 272303 25
   9311 26
 832314 27
   6359 28
   5781 29
  47098 3
  15982 30
  18211 31
   3216 32
  49462 33
   6609 34
   7097 35
  14424 36
  22950 37
   6511 38
  62975 39
  10891 4
1010151 40
  13363 41
  44247 42
  35786 43
  30311 44
 103374 45
  50982 46
 125292 47
 175475 48
 168522 49
  11643 5
 694248 50
  47873 51
  69238 52
  23075 53
  49355 54
  92362 55
   8910 56
 155373 57
  10581 58
  19758 59
  18676 6
109020201 60
  28138 7
  13564 8
  54587 9
