5131616 0
  21252 1
  27720 10
   8994 11
  18156 12
  23718 13
   7486 14
  43640 15
  13330 16
  20605 17
  21642 18
  34126 19
   6175 2
  46745 20
  63713 21
  77348 22
  71160 23
 133886 24
 256314 25
   8854 26
 804786 27
   5839 28
   5541 29
  44721 3
  15294 30
  17348 31
   3039 32
  46348 33
   6014 34
   6207 35
  13853 36
  23416 37
   5723 38
  58531 39
  10131 4
 954601 40
  13376 41
  42085 42
  33675 43
  30013 44
  92498 45
  49632 46
 118734 47
 160224 48
 161424 49
  10613 5
 636973 50
  39877 51
  64425 52
  22821 53
  41695 54
  83701 55
   8861 56
 142596 57
  11456 58
  18989 59
  18599 6
97950489 60
  25695 7
  12624 8
  53017 9
