5010670 0
  21294 1
  25343 10
   9687 11
  20899 12
  24002 13
   8370 14
  43095 15
  14943 16
  27393 17
  25661 18
  33923 19
   6636 2
  47429 20
  60464 21
  78913 22
  74381 23
 135244 24
 250339 25
   8681 26
 766970 27
   5964 28
   5525 29
  43173 3
  16976 30
  16725 31
   2963 32
  45085 33
   6167 34
   6421 35
  16386 36
  22404 37
   6453 38
  57284 39
  10915 4
 930238 40
  15474 41
  46304 42
  37300 43
  33387 44
 104042 45
  54668 46
 122378 47
 180660 48
 168640 49
  11340 5
 629201 50
  52493 51
  68107 52
  25733 53
  61445 54
  88585 55
  13105 56
 149450 57
  16325 58
  25798 59
  20869 6
106590352 60
  25025 7
  12627 8
  48608 9
