5689092 0
  23739 1
  31693 10
  10601 11
  21292 12
  27287 13
   8667 14
  48138 15
  14718 16
  22793 17
  23985 18
  37152 19
   7073 2
  50468 20
  68557 21
  91264 22
  83375 23
 153982 24
 280373 25
  10397 26
 855332 27
   7276 28
   7014 29
  48978 3
  16846 30
  19650 31
   3936 32
  50491 33
   7323 34
   8268 35
  16185 36
  25115 37
   7453 38
  65611 39
  12264 4
1008646 40
  15084 41
  46581 42
  37781 43
  32136 44
 102635 45
  54646 46
 132785 47
 176479 48
 157520 49
  13212 5
 739417 50
  37180 51
  73581 52
  25300 53
  36707 54
  95301 55
   8655 56
 144068 57
  12306 58
  19205 59
  21010 6
109692825 60
  29103 7
  14493 8
  56449 9
