5093830 0
  22982 1
  29748 10
   9861 11
  20107 12
  26649 13
   8389 14
  46538 15
  15148 16
  20821 17
  22193 18
  35931 19
   6584 2
  49329 20
  68520 21
  95792 22
  85410 23
 152500 24
 289833 25
   9709 26
 858248 27
   6819 28
   6085 29
  47908 3
  15833 30
  19310 31
   3365 32
  49216 33
   7226 34
   7446 35
  14940 36
  24600 37
   7111 38
  63418 39
  11664 4
1032529 40
  13817 41
  45600 42
  38146 43
  30900 44
 109480 45
  52472 46
 128366 47
 183486 48
 168025 49
  12132 5
 709291 50
  48860 51
  70474 52
  23839 53
  46912 54
  93860 55
   8391 56
 154956 57
   9945 58
  19209 59
  19064 6
108854845 60
  27806 7
  12801 8
  54115 9
