4991099 0
  22106 1
  26229 10
   9625 11
  19137 12
  25068 13
   8406 14
  44308 15
  13994 16
  20996 17
  22010 18
  35056 19
   6486 2
  48536 20
  64112 21
  88035 22
  77831 23
 140799 24
 262277 25
   8953 26
 813545 27
   6359 28
   5864 29
  44479 3
  15406 30
  17463 31
   3072 32
  47416 33
   6586 34
   7175 35
  14578 36
  23473 37
   6063 38
  60459 39
  11246 4
 984779 40
  13128 41
  43375 42
  34347 43
  30176 44
  99682 45
  50966 46
 122821 47
 169209 48
 164097 49
  11962 5
 677040 50
  43128 51
  68452 52
  23441 53
  44429 54
  89160 55
   8206 56
 145662 57
  10244 58
  18541 59
  18739 6
109647324 60
  26932 7
  12226 8
  50897 9
