5420172 0
  24324 1
  29853 10
  11201 11
  21796 12
  27603 13
   9993 14
  47257 15
  16017 16
  23227 17
  24484 18
  37252 19
   7737 2
  49428 20
  66107 21
  90201 22
  80789 23
 144481 24
 268596 25
  10207 26
 828220 27
   7090 28
   6994 29
  47487 3
  18669 30
  18863 31
   4101 32
  48760 33
   7715 34
   7799 35
  15055 36
  24497 37
   6703 38
  62307 39
  13017 4
1023634 40
  15002 41
  45980 42
  36392 43
  32872 44
  97766 45
  54555 46
 127912 47
 168228 48
 161086 49
  14000 5
 692083 50
  36461 51
  71633 52
  24392 53
  37545 54
  90767 55
   7861 56
 141901 57
  10975 58
  17661 59
  21649 6
103195687 60
  29915 7
  14801 8
  54825 9
