5078966 0
  24122 1
  33516 10
  10153 11
  20308 12
  27638 13
   8187 14
  49431 15
  14475 16
  22864 17
  22518 18
  35596 19
   6787 2
  46170 20
  66318 21
  81713 22
  75229 23
 142692 24
 273825 25
   9767 26
 828577 27
   6587 28
   6094 29
  48487 3
  16222 30
  19301 31
   3496 32
  50039 33
   6873 34
   7173 35
  14345 36
  25924 37
   6618 38
  61963 39
  11909 4
1001197 40
  13334 41
  43875 42
  34810 43
  30721 44
  98736 45
  50620 46
 121884 47
 163624 48
 170960 49
  12392 5
 657221 50
  46365 51
  67712 52
  22275 53
  46546 54
  87568 55
   8026 56
 151459 57
   9885 58
  18662 59
  19761 6
102664152 60
  29265 7
  13774 8
  57934 9
