5226771 0
  21955 1
  29035 10
   9157 11
  17443 12
  24980 13
   7633 14
  46011 15
  13410 16
  19470 17
  20100 18
  36356 19
   6099 2
  49607 20
  64846 21
  87264 22
  79221 23
 143562 24
 278417 25
   8584 26
 880886 27
   5976 28
   5608 29
  46105 3
  14730 30
  17826 31
   3159 32
  49494 33
   6689 34
   7159 35
  13556 36
  24641 37
   5790 38
  63422 39
  10884 4
 994188 40
  12446 41
  43948 42
  34116 43
  30692 44
  98547 45
  50889 46
 128298 47
 170247 48
 164422 49
  11235 5
 727800 50
  34331 51
  69796 52
  22531 53
  33738 54
  92186 55
   6024 56
 146849 57
   8870 58
  15415 59
  17539 6
110580345 60
  26490 7
  12576 8
  53094 9
