5493651 0
  23625 1
  30057 10
  10585 11
  20396 12
  26645 13
   8788 14
  45430 15
  15630 16
  24506 17
  23086 18
  36661 19
   7575 2
  49249 20
  63167 21
  82402 22
  75041 23
 132630 24
 261990 25
   9896 26
 811270 27
   6479 28
   6160 29
  46861 3
  17445 30
  18445 31
   3505 32
  48114 33
   7028 34
   7490 35
  15161 36
  24330 37
   6519 38
  60498 39
  12418 4
 981910 40
  14567 41
  44948 42
  35870 43
  32418 44
  96579 45
  52767 46
 124082 47
 165637 48
 165812 49
  12791 5
 649106 50
  41557 51
  66740 52
  23529 53
  42708 54
  87240 55
   8878 56
 143419 57
  11695 58
  19470 59
  20215 6
100009995 60
  28263 7
  14767 8
  54087 9
