estimate	std_error	t_value	p_values	r_sq	FDR
del9_2q37.3  	-45.0655616562803	17.8784048220282	-2.52067016632012	0.0155987325226049	0.0960160622682873	0.785303133630962
amp14_6q21    	25.6495432936052	11.2558710371678	2.27877018214835	0.0278288721120397	0.0737772562719899	0.785303133630962
del68_22q13.2 	-42.0098226735427	19.0923545543053	-2.20034792220373	0.0333348369128538	0.066831552976671	0.785303133630962
amp19_9p22.3  	19.9610709828602	9.1854965624514	2.17310744684804	0.0354621162295526	0.064452115372907	0.785303133630962
amp30_14q13.3 	-17.7252986520108	8.47376655944084	-2.09178510260737	0.0425426018910602	0.0574553905858362	0.785303133630962
del62_20q13.33	-28.5096463323634	13.7122677525784	-2.07913430854664	0.0437488727626945	0.0563817554866812	0.785303133630962
amp4_3q21.3  	-23.2044381032936	11.6844868477812	-1.98591845800228	0.0535950745862412	0.0485991558630775	0.785303133630962
del57_19p13.12	43.9460165125736	22.4424567141359	1.95816425413414	0.0568749434526912	0.0463269551001854	0.785303133630962
del52_17q25.1 	-26.5184807195993	14.0387980974454	-1.88894238207078	0.0658175446774295	0.0407536076276163	0.785303133630962
del4_1q42.13 	-28.3562944513251	15.0868020763014	-1.87954308062857	0.0671199259513643	0.0400073833697724	0.785303133630962
del11_3q21.3  	-27.1065066802151	16.0192717378023	-1.69211853846321	0.098030763577246	0.0256830710999864	0.984889914629918
del73_xq28    	32.9632858920687	19.9491440710902	1.65236592480368	0.10591763185663	0.022787106953955	0.984889914629918
del63_20q13.33	-22.6715215636435	14.6076831828953	-1.5520271955371	0.128159331719432	0.0157119732590693	0.984889914629918
amp32_15q26.3 	-19.9782244032425	13.5932332249506	-1.46971835711405	0.149089742513758	0.0101683106201798	0.984889914629918
del23_7p11.2  	24.8389745481454	17.5914140672703	1.41199419518864	0.165318211023471	0.00642566345226014	0.984889914629918
amp33_16p13.13	20.5358239778774	14.9756506173878	1.37128092144683	0.177570001217039	0.00385986914483039	0.984889914629918
amp1_1q21.1  	-14.8024994333997	11.2244337447098	-1.31877471684274	0.194390331496512	0.000643085733894933	0.984889914629918
del43_16p13.11	23.0334107599024	17.6191812879746	1.30729177385915	0.19822546444409	-4.6373449075654e-05	0.984889914629918
del71_xp11.23 	33.1005452303946	25.469392961405	1.29962050059667	0.200819323814193	-0.000504137592580944	0.984889914629918
del37_12p13.31	-13.4520217944375	10.4545425715869	-1.28671548298986	0.205240612347714	-0.00126906831764617	0.984889914629918
amp35_16q24.1 	-18.3996331692161	15.1413994222841	-1.21518709440666	0.231081930801679	-0.00539045407732153	0.984889914629918
amp24_11q14.2 	-12.4503491002087	10.3008826622438	-1.2086681800428	0.233551253672931	-0.00575598002771449	0.984889914629918
del31_9q34.13 	19.5527531132345	16.4051747047004	1.19186497341185	0.240005433029589	-0.006690303497765	0.984889914629918
del35_11q14.3 	-9.3043932599106	7.89277320037602	-1.17884969245883	0.245093461760898	-0.00740618675592675	0.984889914629918
amp12_5q31.3  	-7.9335542457215	6.9678256256488	-1.13859827612761	0.261323780857417	-0.00957660746486977	0.984889914629918
del46_16q22.1 	-18.709047854239	16.7436079339694	-1.11738449251921	0.270181200584503	-0.0106937836247347	0.984889914629918
amp23_11q13.1 	7.65336467428462	7.18287965836036	1.06550089077111	0.292736482620083	-0.0133474596490333	0.984889914629918
amp16_7q36.1  	13.978159719262	13.2849812651849	1.05217760117537	0.298734211482987	-0.0140107158123322	0.984889914629918
del56_19p13.2 	21.0172295193616	20.1699967001397	1.04200460871746	0.303370630128493	-0.0145121013906273	0.984889914629918
del64_21p11.2 	-17.8233154691987	17.2810145141163	-1.03138131471618	0.308264909912341	-0.0150310026906868	0.984889914629918
amp5_3q25.1  	-16.0537460327164	15.7702805852675	-1.01797466100341	0.314518370514884	-0.015679013803785	0.984889914629918
del14_4q35.2  	-27.6047610863833	27.1258209466926	-1.01765624497161	0.314667937342319	-0.0156943113697259	0.984889914629918
del10_3p21.1  	19.2486018450304	19.3226504350451	0.996167782972444	0.32487350742217	-0.0167166592100643	0.984889914629918
amp39_19q13.12	-8.89596595409509	9.09589037162253	-0.978020357616538	0.333664315006836	-0.017564617260061	0.984889914629918
del67_22q11.21	-27.2180213150036	28.2409406154562	-0.96377885161896	0.340673404531744	-0.0182201173878684	0.984889914629918
del29_9p21.3  	15.9745156697686	17.1743430670695	0.930138381851619	0.357615051720446	-0.0197335402774683	0.984889914629918
del53_18p11.21	-14.3371344400831	15.4825044306163	-0.926021659114253	0.359725402614871	-0.0199153540356778	0.984889914629918
del36_11q25   	-13.0501937513876	14.1292616744305	-0.92362885280866	0.360955740826202	-0.0200206906137002	0.984889914629918
amp18_8q24.13 	-6.05765482373588	6.62640579846246	-0.914169009260111	0.365846561331249	-0.0204346757593967	0.984889914629918
amp6_3q29    	-4.55498262025087	5.21429478554018	-0.873556791012725	0.38732714102399	-0.0221671773090673	0.984889914629918
amp13_6p22.2  	8.46390494922136	9.99565011139908	0.846758825578448	0.401928720802299	-0.0232703185874323	0.984889914629918
amp26_12q13.11	20.3214976503978	24.1246429863839	0.842354337092882	0.404360972027397	-0.0234485644658631	0.984889914629918
del44_16p11.2 	24.3064497638888	30.0614639066675	0.808558420153906	0.423325715964816	-0.0247873067764495	0.984889914629918
del55_18q23   	14.8062506541856	18.9080855566913	0.783064504853895	0.437982600300897	-0.0257631193624881	0.984889914629918
amp40_19q13.33	10.9123454103367	14.1301087870548	0.772276107338536	0.44427503986366	-0.0261671892905113	0.984889914629918
del42_15q11.2 	13.0707163450951	17.1225683524551	0.763361902025697	0.449514449030826	-0.02649706945082	0.984889914629918
del34_11p15.5 	-15.2765810575059	20.2325384489959	-0.755050143412133	0.454432314013215	-0.02680139302687	0.984889914629918
del25_7q35    	9.45720466488392	12.7114043509882	0.743993692887972	0.461022592641681	-0.0272013202347647	0.984889914629918
amp37_17q23.3 	-10.1565880037862	13.7349028708336	-0.739472866994495	0.463733127707951	-0.0273632340865722	0.984889914629918
amp21_10q21.2 	12.1202353747344	16.667543429386	0.72717586884253	0.471152336701439	-0.0277989127249969	0.984889914629918
del51_17q11.2 	13.0696570642266	18.8021496015946	0.695115044883923	0.490811297961608	-0.0289021125924875	0.984889914629918
amp38_19q12   	-8.05963736770005	12.0514347656551	-0.668769945190999	0.507301617778353	-0.0297730803194192	0.984889914629918
del39_13q11   	12.8988385018537	19.846890783063	0.649917341856961	0.519284764080722	-0.0303765556558067	0.984889914629918
del58_19p12   	-7.19408896699288	11.181263796246	-0.643405709595031	0.523458622270183	-0.0305811454280509	0.984889914629918
del65_21q22.3 	11.7546497722895	18.948507245697	0.620347007807639	0.538381051825829	-0.0312896924844139	0.984889914629918
del47_16q23.1 	-8.54956028134361	13.8443909237555	-0.617546869951027	0.540208107862875	-0.0313740392772694	0.984889914629918
del40_14q11.2 	13.6725502419502	22.1927973986379	0.616080523620215	0.541166161583637	-0.0314180623510585	0.984889914629918
amp8_4q31.21 	12.4520437404891	21.0102470984553	0.592665268625259	0.556582949647317	-0.0321073529331299	0.984889914629918
amp43_21q22.11	-7.20268192961201	12.3795998196812	-0.58181863990152	0.563798921121391	-0.0324179026356632	0.984889914629918
amp27_12q14.3 	4.81364386796583	8.3366653571789	0.57740639233176	0.566747578427775	-0.0325426409925391	0.984889914629918
del30_9q34.13 	-7.89765084476421	13.9126277296057	-0.567660617264863	0.573287596115022	-0.0328149027545284	0.984889914629918
del72_xp11.22 	-16.6735536177713	30.389600095872	-0.548659856173501	0.586143895968245	-0.0333327855277992	0.984889914629918
del8_2q37.3  	-10.8277011307629	19.7878378758059	-0.547189703024688	0.587144381258239	-0.0333721422886049	0.984889914629918
del17_5q13.2  	7.3021263884441	13.568068497304	0.538184664228004	0.593290397594767	-0.0336109717408144	0.984889914629918
amp20_9q33.2  	9.59312111124056	19.8836919854165	0.482461764056523	0.631983032539433	-0.0350028991343689	0.984889914629918
del27_8q21.2  	4.80045287462562	9.99059244111057	0.480497318144228	0.633367232286983	-0.0350492608360671	0.984889914629918
del66_21q22.3 	13.7216938625486	28.7481424218243	0.477307147752673	0.635617943409696	-0.0351241558789517	0.984889914629918
del45_16q11.2 	11.558516497816	24.8890039326332	0.464402534111101	0.64475778762111	-0.0354221315470009	0.984889914629918
del38_12q24.33	7.41266796023905	15.9747889834911	0.464022903081822	0.645027518990928	-0.0354307763702741	0.984889914629918
amp44_21q22.3 	6.84292212652847	14.8694825386628	0.46019907611014	0.647747077506413	-0.0355174649515095	0.984889914629918
del32_10q11.22	-9.4820191993855	20.6831193221388	-0.458442416334954	0.648998075763011	-0.0355570539072778	0.984889914629918
del28_8q24.3  	-3.84455887819085	8.58096588710612	-0.44803334831662	0.656431815778561	-0.0357885917974694	0.984889914629918
amp9_5p15.33 	3.72566126502819	8.43364764151764	0.441761551275547	0.660928018564711	-0.0359255823011648	0.984889914629918
del70_22q13.33	-9.42568591751412	21.8885895808022	-0.430620980978195	0.668945862522817	-0.0361642427300712	0.984889914629918
amp17_8p23.1  	2.83292025827434	6.62817097097457	0.427406032626494	0.671266997337724	-0.0362320021120404	0.984889914629918
del12_3q29    	-4.68982724314089	11.3566715856333	-0.412957899484715	0.68173816987576	-0.0365303527956715	0.984889914629918
del41_15q11.1 	6.41578030964713	15.5605416294541	0.412310860536043	0.68220861482505	-0.0365434779449028	0.984889914629918
del49_17p11.2 	6.63662240418529	16.1865805297896	0.410007684573731	0.6838842308357	-0.0365900334056677	0.984889914629918
del59_19q13.2 	4.85795406808859	12.6508466593023	0.384002288456836	0.702914011754304	-0.0370978712663168	0.984889914629918
del18_6p22.1  	3.98315687781899	10.7820819882402	0.369423723744944	0.713668015371112	-0.0373682153889761	0.984889914629918
del13_4p16.1  	-5.81923738698487	15.858003250503	-0.366959023469761	0.715492034282953	-0.0374129003283363	0.984889914629918
del48_16q24.3 	-7.47512136653911	20.4901891928053	-0.364814658185969	0.717080357585508	-0.0374515373720659	0.984889914629918
del50_17p11.2 	15.735786570898	43.3450144807438	0.363035674561575	0.718399007128459	-0.0374834213054096	0.984889914629918
del60_19q13.42	6.83715402842935	19.6578991045105	0.347806954958913	0.729722305731795	-0.0377500578422734	0.984889914629918
del15_5p15.33 	2.73319273791347	8.12085720312957	0.336564560802789	0.738121097501143	-0.0379396517926844	0.984889914629918
del69_22q13.33	6.72501862466069	20.2137517051334	0.332695222676197	0.741019310580007	-0.0380034797869264	0.984889914629918
amp25_12p12.1 	2.90403607312627	8.93966524428838	0.324848413645207	0.746908393569548	-0.0381306769337006	0.984889914629918
del3_1p11.2  	-6.08738037551167	20.0423076315682	-0.303726521287577	0.762835859712715	-0.0384581229941439	0.984889914629918
del16_5p14.3  	-2.81360327994858	9.8006054781674	-0.287084638415084	0.775459155425748	-0.0387007501779046	0.984889914629918
amp10_5p13.2  	3.38134866691197	12.0358079955595	0.280940728545976	0.780135255328339	-0.0387868968188823	0.984889914629918
amp7_4q28.1  	3.66958881529573	13.1848474367048	0.278318640614688	0.782133436691123	-0.0388230992265051	0.984889914629918
del20_6q25.1  	-7.56312869031863	27.2271927465744	-0.27777849742773	0.782545242372003	-0.0388305149705539	0.984889914629918
amp28_13q33.1 	-3.55923394874839	12.8323521838291	-0.277364110473341	0.782861214193012	-0.0388361944859332	0.984889914629918
amp3_2q31.2  	-4.27804708321971	16.9393170769807	-0.252551331542951	0.801846881383426	-0.0391609232311074	0.989491980361023
del1_1p36.33 	-5.672257212708	22.6451036036893	-0.250484930958049	0.803433659267497	-0.0391866034681996	0.989491980361023
amp31_15q25.3 	-2.20259765778516	10.0544756203838	-0.219066388039148	0.82765945537589	-0.039551204088603	0.999948701323693
del5_2p23.3  	3.25193606722308	15.7028909958127	0.207091552000854	0.83693915509063	-0.0396773849582823	0.999948701323693
amp11_5q22.3  	2.7372285958851	15.1837396670812	0.180273678020145	0.857804747830103	-0.0399343407266628	0.999948701323693
amp34_16q13   	-4.01566387569545	24.1881599426269	-0.166017749395589	0.868939601559847	-0.0400564950876503	0.999948701323693
del26_8p23.1  	2.71964476976253	17.806243765519	0.152735456482349	0.879338318089349	-0.0401612788772701	0.999948701323693
amp29_14q11.2 	0.773406304470984	6.53864404507296	0.118282368506321	0.906407826911948	-0.0403924495603092	0.999948701323693
del54_18p11.21	-1.95463272984151	19.3177677398338	-0.101183157193209	0.9198865686175	-0.0404853856592069	0.999948701323693
amp36_17q21.2 	-1.3283317747467	13.1732878606674	-0.10083524999957	0.920161073850533	-0.0404871264072686	0.999948701323693
del33_10q26.3 	-1.85003500221928	19.1406335760377	-0.0966548466052529	0.923460250862998	-0.0405075745724313	0.999948701323693
amp22_10q25.1 	1.40782933548377	15.2576039847727	0.0922706695552464	0.926921711332141	-0.040528090286138	0.999948701323693
del22_7p22.1  	0.839202927627802	9.79051568758706	0.085715906537159	0.932099578207497	-0.0405569886194515	0.999948701323693
amp2_2q24.2  	1.69830599881479	21.2204174906927	0.0800316958683619	0.936592181019895	-0.0405803268418838	0.999948701323693
amp15_7q31.2  	-0.711098991999786	9.23474806894292	-0.0770025328997615	0.938987190391533	-0.0405921105500362	0.999948701323693
del61_20p11.21	-1.30162176952665	21.279171647085	-0.0611688176172476	0.951514921037591	-0.0406463098134457	0.999948701323693
del6_2p11.2  	1.00441498746929	20.2801714394893	0.0495269475638408	0.960734146679734	-0.0406782385878914	0.999948701323693
del24_7q22.1  	0.36751019137317	8.619572434531	0.0426367078140538	0.966193190603923	-0.0406939727061724	0.999948701323693
del7_2q14.3  	0.531565493074272	18.1459879554101	0.0292938303706847	0.976769005950414	-0.0407177535730796	0.999948701323693
del21_6q27    	0.551698608975144	21.2691309664813	0.0259389351565226	0.979428900496773	-0.0407223450506253	0.999948701323693
del19_6p21.33 	0.124656510834852	15.3758755428894	0.00810727886598302	0.993569785502421	-0.0407373884303655	0.999948701323693
amp42_21q11.2 	-0.0703853906436795	16.1960844538813	-0.00434582758839666	0.996553118823096	-0.0407385491432692	0.999948701323693
amp41_20q13.2 	0.00630038027423872	12.1097628044422	0.000520272805998115	0.999587345746747	-0.0407390104266823	0.999948701323693
del2_1p36.21 	0.00102203396773843	15.8020848772684	6.46771597340708e-05	0.999948701323693	-0.0407390170304351	0.999948701323693
