estimate	std_error	t_value	p_values	r_sq	FDR
del25_7q35    	0.255057817037553	0.113100691513804	2.25513932429338	0.0289265249103038	0.117016942398396	0.941002464207164
del32_10q11.22	0.372181020872648	0.189422417296647	1.96482035328369	0.0554916717288152	0.0953209613551192	0.941002464207164
del18_6p22.1  	0.194043287826796	0.0993590532775633	1.95295024887896	0.0569249592422064	0.0944763896541514	0.941002464207164
del29_9p21.3  	0.293791152304379	0.153601278993474	1.91268688795788	0.0620259181331484	0.091638219573619	0.941002464207164
del66_21q22.3 	0.490001657080931	0.261779090134284	1.8718135846128	0.0675987050440213	0.0887998455932223	0.941002464207164
del5_2p23.3  	-0.262806365615275	0.144923047369106	-1.81342009008361	0.0762941791911242	0.0848215436022597	0.941002464207164
del60_19q13.42	-0.293894364785694	0.162619161249092	-1.80725544596508	0.0772648936869069	0.0844069194611426	0.941002464207164
del30_9q34.13 	-0.220399532737931	0.127788479839538	-1.72472145387975	0.0912919411174211	0.0789571046803121	0.941002464207164
amp7_4q28.1  	0.203603043218347	0.120349988877195	1.69175788978347	0.0974568680655854	0.0768342455233746	0.941002464207164
amp34_16q13   	0.30828544982604	0.185120832757664	1.66532013298367	0.102646209018251	0.0751543446276288	0.941002464207164
amp31_15q25.3 	-0.156029288479739	0.0945017979491599	-1.65107216863408	0.105535725673197	0.0742574800580613	0.941002464207164
del59_19q13.2 	-0.188423113850294	0.118849554945943	-1.58539183370099	0.119728743922982	0.0702011429878837	0.941002464207164
amp26_12q13.11	-0.348739578618177	0.22069741802288	-1.58017063245399	0.120920358671344	0.0698842621345208	0.941002464207164
del41_15q11.1 	-0.212632550426383	0.148037751306637	-1.4363400453574	0.157672104505768	0.061488085224799	0.941002464207164
del73_xq28    	0.239905553800243	0.179961242053672	1.33309567694967	0.189065365879861	0.0558714364603409	0.941002464207164
del16_5p14.3  	-0.108945700500064	0.0834232633411824	-1.30593908865086	0.198066496361113	0.0544530871072113	0.941002464207164
del68_22q13.2 	-0.238796542878032	0.191437793866931	-1.24738453183398	0.218569915680934	0.051480431384176	0.941002464207164
amp4_3q21.3  	0.143525585129866	0.116029022224933	1.23698004497209	0.222372444375558	0.0509645933246093	0.941002464207164
amp33_16p13.13	0.181357529445081	0.147387742743752	1.23047904845376	0.224773071167679	0.0506441951760956	0.941002464207164
amp16_7q36.1  	0.14557604804131	0.123778906929742	1.17609737920808	0.245606839606916	0.0480220497798588	0.941002464207164
amp17_8p23.1  	-0.0732548246299655	0.062521087474568	-1.17168186909359	0.247357949469682	0.0478137275449396	0.941002464207164
amp41_20q13.2 	-0.134956745181004	0.115511739042635	-1.16833792218462	0.248690092698662	0.0476564223175676	0.941002464207164
amp35_16q24.1 	-0.154200838690877	0.134718671493037	-1.14461371227853	0.258290140484726	0.0465518409109603	0.941002464207164
amp27_12q14.3 	-0.0914641801117093	0.0805803957897036	-1.13506739716705	0.262227030343753	0.0461130551428358	0.941002464207164
amp1_1q21.1  	0.115601738618887	0.10325607493538	1.11956355779777	0.268711680837957	0.0454074229917432	0.941002464207164
amp39_19q13.12	-0.0989505919190532	0.0885538995639782	-1.11740524591538	0.269623362113827	0.0453098783791488	0.941002464207164
amp2_2q24.2  	0.216321147722446	0.194363862283996	1.11296999956899	0.271503706263549	0.0451099565787703	0.941002464207164
del36_11q25   	0.148025791589546	0.13369888627764	1.1071580004201	0.273981747368506	0.0448490544586215	0.941002464207164
del19_6p21.33 	0.156148766323387	0.143452960909008	1.08850152226856	0.282043926079646	0.0440198450454048	0.941002464207164
del48_16q24.3 	-0.208431379853381	0.197586246179061	-1.05488810017926	0.296985764480369	0.0425579240071736	0.941002464207164
del7_2q14.3  	-0.168239290042321	0.163624024919877	-1.02820652483463	0.30922911987757	0.0414270692919942	0.941002464207164
amp3_2q31.2  	0.119445230510235	0.116457190158407	1.02565784343383	0.310416412499746	0.041320425734917	0.941002464207164
del51_17q11.2 	-0.169641222560465	0.167442643674992	-1.01313034025992	0.316297439972633	0.04079974912982	0.941002464207164
amp13_6p22.2  	0.0931809769079154	0.0927426020555884	1.00472679052141	0.320284547905466	0.0404537483617312	0.941002464207164
del20_6q25.1  	-0.238875231511151	0.253203211252534	-0.943413119958052	0.350398469153564	0.0380094012521781	0.941002464207164
del38_12q24.33	-0.139884852590355	0.150148924867488	-0.931640720796426	0.356386337266331	0.0375563226514191	0.941002464207164
del46_16q22.1 	-0.139617780567224	0.15237707662829	-0.916264989830517	0.364306703368163	0.0369725035942029	0.941002464207164
amp42_21q11.2 	0.125748994745333	0.138804161628787	0.905945421734773	0.369685783257156	0.0365857267321522	0.941002464207164
amp43_21q22.11	0.107613099481824	0.119390160161024	0.901356521648722	0.37209404585511	0.0364150434120354	0.941002464207164
del23_7p11.2  	0.151230439588937	0.169804509774064	0.890614977129639	0.377770398052295	0.0360186694278036	0.941002464207164
amp11_5q22.3  	-0.127392985898306	0.14400473271666	-0.884644438380795	0.380949224758271	0.0358002658977731	0.941002464207164
del35_11q14.3 	0.0663406821988482	0.0774441988655868	0.856625585526296	0.396092540293872	0.034793676580118	0.941002464207164
del3_1p11.2  	0.158934640450713	0.186620017455362	0.851648406306301	0.398821327024568	0.0346180424874003	0.941002464207164
del45_16q11.2 	0.172902521691687	0.206815214353836	0.836024188219881	0.40746312795111	0.0340729393539703	0.941002464207164
amp28_13q33.1 	0.102266935479795	0.122936117058412	0.831870551362894	0.409779781955513	0.0339296219477812	0.941002464207164
amp24_11q14.2 	0.0842146479554324	0.101501624342065	0.829687687279023	0.411000491205339	0.0338545734145328	0.941002464207164
amp40_19q13.33	-0.109573347477626	0.135179893039539	-0.810574302241655	0.421784109861232	0.0332053768160397	0.941002464207164
del27_8q21.2  	0.0704427265321208	0.0927182343335697	0.759750517667227	0.451280012911178	0.0315487787451907	0.941002464207164
amp20_9q33.2  	0.141060748601542	0.186834637297349	0.755003197704945	0.454095460901473	0.0313992372340459	0.941002464207164
amp18_8q24.13 	-0.0471878785979903	0.0625592095368584	-0.754291477583143	0.454518434093293	0.0313768947430002	0.941002464207164
amp19_9p22.3  	0.0699577643372682	0.094144509779407	0.743089156247013	0.461206083492326	0.0310278709570755	0.941002464207164
amp6_3q29    	-0.0366979363162296	0.051351078778469	-0.714647816349609	0.47843792881928	0.0301641222101664	0.941002464207164
del56_19p13.2 	0.134479063663233	0.190110980004236	0.707371366242165	0.482904240468809	0.0299483145734962	0.941002464207164
del50_17p11.2 	0.254264991139703	0.363681186530017	0.699142547256063	0.487983183017511	0.0297068084886882	0.941002464207164
del14_4q35.2  	0.180698439499467	0.26035471371592	0.694047121023635	0.491143015086029	0.0295586209341355	0.941002464207164
del44_16p11.2 	0.190564182171294	0.279160004503129	0.68263425668901	0.498261495330409	0.0292304786410162	0.941002464207164
amp32_15q26.3 	-0.0875935831061537	0.131186977347429	-0.667700292188113	0.507661155477253	0.0288089899199534	0.941002464207164
del43_16p13.11	-0.109018304594627	0.164018864912093	-0.664669302845476	0.509580578942843	0.028724538905621	0.941002464207164
amp5_3q25.1  	-0.0963138928891361	0.145098086686002	-0.663784720315183	0.510141494150788	0.028699961876383	0.941002464207164
amp10_5p13.2  	0.0561131805824994	0.0864683725205941	0.648944567207332	0.51960118764717	0.0282923458387812	0.941002464207164
del71_xp11.23 	0.15887277349471	0.245686509831779	0.646648338988941	0.521073203167465	0.02823006831029	0.941002464207164
del64_21p11.2 	0.107624382027276	0.16722099312183	0.643605686212289	0.523027131132122	0.0281478743436339	0.941002464207164
del6_2p11.2  	-0.110099846674524	0.180957907421301	-0.608427939090792	0.545896470594329	0.0272247815091404	0.941002464207164
del55_18q23   	-0.107255408343213	0.181099895418183	-0.5922444521326	0.556586988454767	0.0268169767155864	0.941002464207164
amp29_14q11.2 	0.0367875118393771	0.062161471809866	0.591805675900009	0.556878297876321	0.0268060684481327	0.941002464207164
del58_19p12   	-0.0644308765195049	0.109575421811917	-0.588004823108036	0.559404941647323	0.0267119049060214	0.941002464207164
del10_3p21.1  	0.103284165584304	0.178551518048229	0.578455824477538	0.56577794799314	0.0264779329469361	0.941002464207164
del12_3q29    	0.0618641132405233	0.107294509407015	0.576582283496408	0.567032564204286	0.0264324634581367	0.941002464207164
del57_19p13.12	0.130724471466812	0.227417954281477	0.574820364908451	0.568213687651846	0.0263898336947002	0.941002464207164
del2_1p36.21 	0.0828204565827051	0.146181857817629	0.566557696140574	0.573768825417607	0.0261916092758484	0.941002464207164
amp8_4q31.21 	0.102134576310185	0.181897872194043	0.561494068502521	0.577186278780142	0.0260715100935215	0.941002464207164
del9_2q37.3  	-0.10215414208708	0.185156459256791	-0.551717949765954	0.58381208527129	0.0258426082809475	0.941002464207164
del69_22q13.33	-0.100498303464551	0.188450043871698	-0.533288830290603	0.596401059297647	0.0254217541852859	0.941002464207164
del52_17q25.1 	-0.0726386587274994	0.142957728049958	-0.508112850689086	0.613802280417299	0.0248693806841089	0.941002464207164
del70_22q13.33	-0.104723292037818	0.212088863640553	-0.4937708196471	0.623817558877889	0.0245663845096503	0.941002464207164
del67_22q11.21	-0.136299601838028	0.276120691401214	-0.493623281711908	0.623920965669858	0.0245633116713214	0.941002464207164
del62_20q13.33	-0.0664410007401314	0.135248901308732	-0.491249837131517	0.625585522845642	0.0245140024456409	0.941002464207164
del72_xp11.22 	0.138646389312748	0.286745603852668	0.483517052920487	0.631022375511727	0.0243549654306781	0.941002464207164
del1_1p36.33 	0.0997364089764917	0.208970781201315	0.477274422783582	0.635426629478498	0.024228379498362	0.941002464207164
amp36_17q21.2 	-0.0567384864993297	0.1235642237556	-0.459182154630404	0.648265951486896	0.0238706251652155	0.941002464207164
amp23_11q13.1 	0.0312125660704636	0.0686442067529129	0.454700659340625	0.651463244451114	0.0237841053887871	0.941002464207164
amp14_6q21    	0.0469701022185205	0.110805917988957	0.423895249197804	0.673617949002446	0.023211953864033	0.947449742249358
del4_1q42.13 	-0.052930789908508	0.134212291767048	-0.394381089925652	0.695122245039992	0.0227008526138247	0.947449742249358
del40_14q11.2 	0.0835086985330237	0.21234963114288	0.39326038893298	0.695943952115376	0.0226821617076105	0.947449742249358
del8_2q37.3  	-0.0734307333493296	0.188833307933939	-0.388865365717251	0.699169970345694	0.0226093685706623	0.947449742249358
amp15_7q31.2  	0.0344715641868218	0.0887736000697448	0.388308733224058	0.699578949665518	0.0226002068728146	0.947449742249358
del31_9q34.13 	-0.0599250607609804	0.157035622521751	-0.3816017015673	0.704513910903368	0.0224908333197552	0.947449742249358
amp38_19q12   	-0.0424813851181049	0.117274179217608	-0.362239884359188	0.718831712424148	0.0221856558342834	0.955719435836651
del39_13q11   	0.0569233400041792	0.177614713769849	0.320487750119282	0.750049998934548	0.0215810726151237	0.977950573810949
amp9_5p15.33 	0.0247657381545657	0.079520548667854	0.311438220302134	0.756874626755562	0.0214596933618919	0.977950573810949
del54_18p11.21	0.0512759108363466	0.177682324635058	0.288581945005854	0.774197772373267	0.0211684831197076	0.977950573810949
del49_17p11.2 	-0.0427740756742374	0.151369982560129	-0.28257964327403	0.778766743877663	0.0210956592601881	0.977950573810949
del24_7q22.1  	0.0219094451381256	0.0833450938635032	0.262876242889682	0.793819818512213	0.0208672933340063	0.977950573810949
del15_5p15.33 	0.0195606272553259	0.0755621513394588	0.258868056408966	0.79689194927891	0.0208228448309808	0.977950573810949
del61_20p11.21	0.0513565712704013	0.19958891996508	0.257311734936923	0.798085693287749	0.0208057691079129	0.977950573810949
amp25_12p12.1 	0.0208682687958745	0.0838784796076221	0.248791691188191	0.804629388492099	0.0207141031406575	0.977950573810949
del37_12p13.31	-0.0217520874116383	0.102761331192046	-0.21167580411144	0.833295044488269	0.0203506171561927	0.977950573810949
del22_7p22.1  	-0.0192295557470227	0.0947618657871753	-0.202925043605728	0.840088557640264	0.0202734201921931	0.977950573810949
del65_21q22.3 	0.0373578134817322	0.185576710665014	0.201306582856548	0.841346389582947	0.0202594983377128	0.977950573810949
amp21_10q21.2 	-0.0292622144551653	0.162761439843	-0.179785915407185	0.85811029070532	0.0200849425285726	0.977950573810949
del28_8q24.3  	-0.0134038441759983	0.0808993814439994	-0.165685372826698	0.869130614637378	0.0199812328508869	0.977950573810949
amp12_5q31.3  	0.0106803304249914	0.0684013327203662	0.15614213934477	0.87660422761144	0.0199158347466041	0.977950573810949
del21_6q27    	0.0275077660755213	0.200403895126425	0.137261633852815	0.891423037709371	0.0197978551218722	0.977950573810949
del34_11p15.5 	-0.0243368338408477	0.189760021275368	-0.128250585541048	0.898509741915162	0.0197468912535361	0.977950573810949
del63_20q13.33	-0.0166898095212794	0.142849708978791	-0.116834746396	0.907499629097173	0.0196872870758228	0.977950573810949
del11_3q21.3  	-0.0176344065985993	0.152278737409693	-0.115803472622415	0.908312370613226	0.019682175730196	0.977950573810949
del17_5q13.2  	0.0131992332813731	0.126291826507106	0.104513757116581	0.9172160319032	0.019629180423157	0.977950573810949
del33_10q26.3 	0.015412818612674	0.181697148672923	0.0848269701822287	0.93276707068639	0.0195497506180961	0.977950573810949
amp30_14q13.3 	-0.00581394059730305	0.0723079329627451	-0.080405293846507	0.936263721880181	0.0195341806221496	0.977950573810949
del26_8p23.1  	0.0116110295110469	0.155862575803111	0.0744953010767272	0.94093930154353	0.01951467039748	0.977950573810949
del47_16q23.1 	-0.00895974058425423	0.125106271635834	-0.0716170377959524	0.9432171573616	0.019505707420993	0.977950573810949
del42_15q11.2 	0.0116820659350051	0.166051907005663	0.0703518926440676	0.944218545383309	0.0195018794011635	0.977950573810949
del13_4p16.1  	0.00902205312326242	0.148000545771645	0.060959593603005	0.951655478637734	0.0194755931605038	0.977950573810949
amp44_21q22.3 	0.0067399592682066	0.13667615447269	0.0493133516538421	0.960883079422245	0.0194482195300023	0.977950573810949
amp22_10q25.1 	0.00583709329223784	0.145219394899	0.0401949980324427	0.968111617457462	0.0194308224072335	0.977950573810949
amp37_17q23.3 	-0.00508709763114467	0.132725340436624	-0.0383280058985702	0.969592021898035	0.0194276974366718	0.977950573810949
del53_18p11.21	0.000945081527885517	0.145589572531116	0.00649140945642608	0.994848711912107	0.0193972805883653	0.994848711912107
