estimate	std_error	t_value	p_values	r_sq	FDR
amp7_4q28.1  	0.222813181083287	0.0923515256191128	2.41266378210404	0.0198802196450123	0.0940077664201038	0.770204403780619
amp1_1q21.1  	0.185832117956581	0.0780317877238284	2.38149250936403	0.0214365910687753	0.0913875324444401	0.770204403780619
amp37_17q23.3 	0.230958686116566	0.0992062402436717	2.32806611307194	0.0243605082160296	0.0869413874507614	0.770204403780619
del20_6q25.1  	-0.404741310543328	0.193005362242841	-2.09704697237416	0.0415154118465412	0.0684205300387796	0.770204403780619
amp15_7q31.2  	0.136789201403361	0.0673116944727975	2.0321758718857	0.0479334816183945	0.0634426542646503	0.770204403780619
amp40_19q13.33	-0.208815872505006	0.103086748550865	-2.0256325419166	0.0486263527980826	0.0629463370017594	0.770204403780619
del21_6q27    	-0.302726973488539	0.151983087989755	-1.99184644484224	0.0523437633917221	0.0604008616508162	0.770204403780619
amp36_17q21.2 	0.186800331324979	0.0939149165623991	1.98903793095386	0.0526635489764526	0.0601905764406674	0.770204403780619
amp13_6p22.2  	0.132176326205242	0.0714807033973537	1.84911899188356	0.0708727590417471	0.0499778204808408	0.803403698938119
del56_19p13.2 	-0.260699653510095	0.146077670860943	-1.78466463747402	0.0809114067244929	0.0454539293013712	0.803403698938119
del17_5q13.2  	0.170098497056513	0.0966118796571142	1.76063748744162	0.0849470290947696	0.0437978837057188	0.803403698938119
del55_18q23   	-0.240398378329239	0.139217624281023	-1.72678121445295	0.0909177134231974	0.0414929500143226	0.803403698938119
del47_16q23.1 	-0.162428797082146	0.095926504919536	-1.69326295394993	0.0971680803761244	0.0392444568006205	0.803403698938119
del54_18p11.21	-0.220360655419513	0.136733463582957	-1.6116073537903	0.113888564177358	0.0339093717355741	0.803403698938119
del62_20q13.33	-0.167974369225978	0.104259295349273	-1.61112127857047	0.113994703481323	0.0338782296896742	0.803403698938119
amp23_11q13.1 	0.0837903894098992	0.0529456513301527	1.58257358828978	0.120370755997157	0.0320622378929551	0.803403698938119
amp11_5q22.3  	0.171830244519629	0.11193241589272	1.53512495150928	0.131603297806534	0.0291011625537808	0.803403698938119
del3_1p11.2  	0.212026988034721	0.145309965912577	1.45913590099032	0.15132308864644	0.024511221658402	0.803403698938119
del5_2p23.3  	-0.168764741719761	0.115907681361383	-1.45602724286734	0.15217686948692	0.0243275118483433	0.803403698938119
amp8_4q31.21 	0.201962956886828	0.141129373703431	1.43104834654218	0.159175337327524	0.0228631073512215	0.803403698938119
del18_6p22.1  	0.114092007667636	0.0799584923974239	1.42689043085699	0.160364330954878	0.0226213848793403	0.803403698938119
del69_22q13.33	-0.205485362622247	0.14627778576261	-1.4047612325478	0.16680935534659	0.0213447454404992	0.803403698938119
amp44_21q22.3 	-0.145927862093085	0.105846599058434	-1.37867313065509	0.174663602205238	0.019861165407262	0.803403698938119
amp28_13q33.1 	0.131794525859277	0.095930031480647	1.37386096746841	0.176143051191665	0.0195900597746139	0.803403698938119
amp34_16q13   	0.198269628369779	0.147773432703725	1.34171362701776	0.18627499517197	0.017799516507228	0.803403698938119
del32_10q11.22	-0.2004737585285	0.153017298310015	-1.31013787815243	0.196654005357873	0.0160759232909757	0.803403698938119
del27_8q21.2  	0.0943922954682364	0.0724034571086638	1.30369873535972	0.198823290165309	0.0157287445953539	0.803403698938119
del9_2q37.3  	0.182004863746999	0.144329808055613	1.26103447512982	0.213654725387175	0.0134656452716593	0.803403698938119
del70_22q13.33	-0.204131112010294	0.165329722150518	-1.23469095184501	0.223215567366383	0.0121008557823086	0.803403698938119
del49_17p11.2 	-0.144558692728677	0.117811506431777	-1.227033734709	0.22605305227378	0.0117088629397595	0.803403698938119
del60_19q13.42	-0.159806903404399	0.130890135639942	-1.22092396514893	0.228336112689999	0.0113976157222508	0.803403698938119
del7_2q14.3  	-0.155532153172928	0.128755231060619	-1.2079676444346	0.233233579214082	0.010742087801214	0.803403698938119
del45_16q11.2 	-0.194523319243426	0.162155928831129	-1.19960658019483	0.23643463270299	0.0103223145703064	0.803403698938119
del22_7p22.1  	-0.088096379359638	0.0737845548892595	-1.19396775506552	0.238611513608069	0.0100406599591996	0.803403698938119
del50_17p11.2 	-0.334450358141582	0.284682948384114	-1.17481696757727	0.246113700406119	0.00909282495163688	0.803403698938119
del68_22q13.2 	-0.177422846995788	0.151580452363104	-1.1704863274242	0.24783362890512	0.00888036339956	0.803403698938119
del67_22q11.21	-0.246276482703579	0.215747342181446	-1.14150413262777	0.259567853943178	0.00747640443686404	0.803403698938119
del8_2q37.3  	-0.165332806324662	0.147469518866919	-1.12113206576516	0.268050508774625	0.00650829357258809	0.803403698938119
del40_14q11.2 	0.18346746036609	0.165900381605582	1.10588932099188	0.274524785741316	0.00579412897290799	0.803403698938119
amp22_10q25.1 	-0.125222715245435	0.113266814999959	-1.10555519059559	0.274667931260896	0.0057785721230984	0.803403698938119
del33_10q26.3 	-0.152053569671706	0.141836644336185	-1.07203304465737	0.289297455884116	0.00423929838631187	0.811536487705451
del37_12p13.31	-0.0842888138081141	0.0802906387860331	-1.04979627865131	0.299296032426129	0.00324183481980223	0.811536487705451
amp16_7q36.1  	-0.102904803113353	0.0981098599551121	-1.04887320357439	0.299716173960383	0.00320083813654826	0.811536487705451
del12_3q29    	-0.0862435798883457	0.0841399553152106	-1.02500149382365	0.310722672858232	0.00215200046566166	0.811536487705451
del52_17q25.1 	-0.114488042315066	0.112024365196741	-1.0219923327751	0.31212941834825	0.00202134794566489	0.811536487705451
amp43_21q22.11	0.0936780087104748	0.0941701590929081	0.994773818084477	0.325050510609374	0.000855505936135814	0.826758907419494
amp35_16q24.1 	0.104250133747442	0.106867213208708	0.975510922548757	0.334409256363425	4.78465087341284e-05	0.827599664346787
del65_21q22.3 	-0.140187968073686	0.145253430484995	-0.965126727854924	0.339528067424323	-0.000381524128121757	0.827599664346787
amp20_9q33.2  	0.138341833905854	0.147151225179832	0.94013375516777	0.352059814427755	-0.00139757313381828	0.828211303639056
del13_4p16.1  	-0.108017210392078	0.115872873817831	-0.932204465403154	0.356098086126539	-0.00171477767108152	0.828211303639056
amp41_20q13.2 	-0.0846810040154896	0.0917823702161698	-0.922628210799582	0.361015183637537	-0.00209455006059001	0.828211303639056
amp38_19q12   	-0.0817239209736341	0.0920225493516579	-0.888085817545998	0.379114903956519	-0.00343413434891437	0.853008533902169
amp31_15q25.3 	-0.0636203496129508	0.0762865529002156	-0.833965452550563	0.40861035990226	-0.00543685626285617	0.882450822950631
del4_1q42.13 	0.0863767156669633	0.105474413168196	0.818935257115122	0.417045984507251	-0.00597206389671068	0.882450822950631
amp6_3q29    	-0.0328191382634735	0.0405169446663262	-0.810010195333154	0.422104957354592	-0.00628553326321613	0.882450822950631
del71_xp11.23 	-0.156776279693328	0.193659732757579	-0.809545058546471	0.422369624660131	-0.00630178112111279	0.882450822950631
del14_4q35.2  	0.161189666010855	0.205449895133872	0.784569229912835	0.436728085548302	-0.00716126314846321	0.885435527883621
del61_20p11.21	-0.122428161644242	0.156803155197366	-0.780776136106085	0.438933851429487	-0.00728956333483755	0.885435527883621
del42_15q11.2 	-0.0972010971022271	0.130444773816523	-0.745151333076366	0.459970739786753	-0.00846573856535526	0.885766948851349
del31_9q34.13 	-0.0913937991400845	0.123561156209358	-0.739664486347392	0.463261851180762	-0.00864224636501376	0.885766948851349
amp29_14q11.2 	0.034925051069094	0.0490401827600071	0.712172123012066	0.479954896722618	-0.00950790542904567	0.885766948851349
del73_xq28    	-0.100340142933419	0.144178539981045	-0.695943674742515	0.489965578535594	-0.010004175910697	0.885766948851349
del48_16q24.3 	-0.102007874078688	0.157302617190347	-0.648481734765107	0.519897711667492	-0.0113925141509252	0.885766948851349
del28_8q24.3  	-0.0411315613018546	0.0636616577816677	-0.646096296186919	0.521427425037347	-0.0114598017477068	0.885766948851349
del46_16q22.1 	-0.077615647323726	0.120969880586761	-0.641611341164047	0.524309962685955	-0.0115856643889007	0.885766948851349
del36_11q25   	0.0679046783700322	0.106584920803607	0.637094608299732	0.527221426062845	-0.0117115640774152	0.885766948851349
del25_7q35    	-0.058594628075279	0.093792061438604	-0.624729078096177	0.53523555907809	-0.0120518477240672	0.885766948851349
del15_5p15.33 	-0.0360926828520045	0.0595190933528445	-0.606405118405245	0.547226939172716	-0.0125442405039615	0.885766948851349
del39_13q11   	-0.0847468366283748	0.139960099743188	-0.605507117984886	0.547818111159928	-0.0125680065045308	0.885766948851349
amp21_10q21.2 	0.0756813815498859	0.128182743376577	0.590417864029856	0.557800189657612	-0.012962245291475	0.885766948851349
amp42_21q11.2 	-0.0646103513017062	0.110253520477959	-0.586016219904945	0.560729165617683	-0.0130754299983837	0.885766948851349
del63_20q13.33	-0.0651930426708766	0.112493909959327	-0.579525084464104	0.565062536001144	-0.013240844276621	0.885766948851349
del58_19p12   	-0.0500901979110605	0.0866025269064115	-0.57839187492983	0.565820749084181	-0.0132695385673076	0.885766948851349
del24_7q22.1  	-0.0377126582863214	0.0656780115421773	-0.574205238569121	0.568626331096623	-0.0133750763967986	0.885766948851349
amp27_12q14.3 	-0.0365773136325374	0.0643386839194759	-0.568511996271423	0.572452517478994	-0.013517397747137	0.885766948851349
del53_18p11.21	-0.064687187825403	0.114656303998398	-0.564183438411787	0.575369983869252	-0.0136246817443697	0.885766948851349
del57_19p13.12	0.0974627313326793	0.179788118738289	0.542097731577871	0.590367739687875	-0.0141596530806076	0.89639711240325
amp32_15q26.3 	-0.0519431349530711	0.1038898560633	-0.499982740580778	0.619470699040645	-0.015122002355777	0.89639711240325
del34_11p15.5 	-0.0743492274309107	0.149583648639049	-0.497041141243442	0.621527415675668	-0.0151863782518091	0.89639711240325
amp25_12p12.1 	-0.0328563013650965	0.0661524635751796	-0.496675400875383	0.62178334921127	-0.0151943563720529	0.89639711240325
del35_11q14.3 	-0.0303031504504509	0.0615245228258665	-0.492537756631095	0.624682026691108	-0.0152842129848241	0.89639711240325
amp4_3q21.3  	-0.0453170357972834	0.0929647301649291	-0.487464823669001	0.628244130060397	-0.0153933767447962	0.89639711240325
amp30_14q13.3 	0.0267212733542298	0.0570094316782852	0.468716711736803	0.641485888543327	-0.0157872034283537	0.904263240476738
del38_12q24.33	-0.0527118033396591	0.119517055809464	-0.441040008747314	0.66125005975527	-0.0163408746353653	0.92102686894484
amp12_5q31.3  	0.0228686068259279	0.0539632842174671	0.423780856883535	0.67370078104484	-0.0166693742972093	0.927329310379367
del30_9q34.13 	0.0413863391127512	0.104020133978329	0.397868542655149	0.692567585813811	-0.0171383201348294	0.942214041165301
del51_17q11.2 	-0.0467371652703838	0.133612230007158	-0.34979706025324	0.728087503759627	-0.0179309372208898	0.967599399479373
del66_21q22.3 	-0.0732717266897378	0.214332827164674	-0.341859563273723	0.734013510872483	-0.0180521176881132	0.967599399479373
del26_8p23.1  	0.0416987959812133	0.123024402928996	0.338947355064831	0.736191851213572	-0.0180958875585326	0.967599399479373
del19_6p21.33 	0.0376293185030854	0.114680359780428	0.328123477944543	0.744307230368748	-0.018255317673453	0.967599399479373
del41_15q11.1 	-0.0331360934402825	0.119481710114767	-0.277331931460087	0.782767806179348	-0.0189349075670404	0.970587945220723
del10_3p21.1  	-0.0355012636340508	0.141515948739181	-0.250864047129282	0.803036424486774	-0.0192441571864783	0.970587945220723
amp3_2q31.2  	0.0228665146093303	0.0930156630723748	0.245835097595746	0.806903491539882	-0.0192994311854275	0.970587945220723
del2_1p36.21 	-0.0281197333478861	0.115848493997201	-0.242728518754551	0.809294775174729	-0.0193330197589539	0.970587945220723
amp24_11q14.2 	0.0192303887243835	0.0807599171911351	0.238117984678845	0.812847112246999	-0.0193820857948728	0.970587945220723
amp2_2q24.2  	-0.0357881794301315	0.155561009207809	-0.230058802089174	0.819066093929586	-0.0194656038996568	0.970587945220723
amp17_8p23.1  	-0.0112540778846655	0.0501117102596918	-0.224579800336966	0.823300792365434	-0.0195207489550948	0.970587945220723
amp39_19q13.12	-0.0143529438450523	0.0708915833017245	-0.202463299260283	0.840447372299534	-0.019729890124373	0.970587945220723
amp26_12q13.11	-0.035335140593374	0.179001430735596	-0.197401442257563	0.844383095155577	-0.0197747215510202	0.970587945220723
del72_xp11.22 	0.0446957521564914	0.227080405964813	0.196827867937744	0.844829319015313	-0.0197797301863269	0.970587945220723
del16_5p14.3  	0.013115346797036	0.0671084214944253	0.195435185405538	0.845912998605965	-0.0197918310849092	0.970587945220723
amp18_8q24.13 	0.0086682177430695	0.0497258319538347	0.174320215519311	0.862378763347729	-0.0199648015249214	0.970587945220723
del23_7p11.2  	-0.0231385651362381	0.135297104486253	-0.171020401538521	0.864957793146742	-0.0199900530971833	0.970587945220723
del59_19q13.2 	-0.0149970185788745	0.0964274138197137	-0.155526504183901	0.877086749333269	-0.0201021816053921	0.970587945220723
del11_3q21.3  	-0.0164091630815766	0.120331594056884	-0.136366207147722	0.892126851692556	-0.0202261570865445	0.970587945220723
amp19_9p22.3  	0.00992621945890507	0.0748286520393431	0.132652656280459	0.895046668875997	-0.0202483056024414	0.970587945220723
del43_16p13.11	-0.0164676296707643	0.130214313378863	-0.126465587718081	0.899914558105929	-0.020283850723634	0.970587945220723
del64_21p11.2 	-0.0143588261762236	0.132723271263367	-0.108186198543366	0.914318518220785	-0.0203789633637219	0.970587945220723
amp33_16p13.13	0.0118535359755005	0.118361685368163	0.100146731931285	0.920663039807022	-0.0204161078319021	0.970587945220723
amp5_3q25.1  	-0.0113472889108957	0.115199555562452	-0.0985011518099488	0.921962342648236	-0.0204233577125303	0.970587945220723
del1_1p36.33 	-0.0149019335583154	0.16553309624075	-0.0900238918786496	0.928659074908846	-0.0204588039874793	0.970587945220723
del6_2p11.2  	0.012842296125062	0.143563872023769	0.0894535369102873	0.929109827903598	-0.0204610744648213	0.970587945220723
amp14_6q21    	-0.00572599514181921	0.0877312459794305	-0.0652674549175072	0.948243882679042	-0.0205440811664557	0.972168837231929
del44_16p11.2 	-0.0124792863873541	0.221713323971274	-0.0562856853337824	0.95535799756939	-0.0205683010538615	0.972168837231929
amp9_5p15.33 	-0.00352537486303466	0.06290523655508	-0.0560426294549872	0.955550566510015	-0.02056890674325	0.972168837231929
amp10_5p13.2  	-0.0016399377341979	0.0686433382836991	-0.0238907048404337	0.981043126838726	-0.0206259250106733	0.982559890623596
del29_9p21.3  	-0.00277191379761747	0.126117322652953	-0.0219788506392986	0.982559890623596	-0.0206278707448371	0.982559890623596
