estimate	std_error	t_value	p_values	r_sq	FDR
amp32_15q26.3 	-1.05945022961793e-15	1.23115528252412e-16	-8.6053339059379	3.85135813782238e-11	1	3.35068157990547e-09
del4_1q42.13 	1.15845867886585e-15	1.41282076455007e-16	8.19961532229305	1.50450092645479e-10	1	6.54457903007835e-09
del25_7q35    	-9.58828706092591e-16	2.01455413439026e-16	-4.75950826897386	1.96081529249537e-05	1	0.000568636434823658
del16_5p14.3  	-7.25841177503634e-16	1.62705695567341e-16	-4.46106803435913	5.22615187421398e-05	1	0.00113668803264154
del1_1p36.33 	-8.97807863675831e-16	2.1006531164529e-16	-4.27394631052576	9.56481207999033e-05	1	0.00166427730191832
del40_14q11.2 	9.33531099098482e-16	2.35993619603989e-16	3.95574719632252	0.000261654055693575	1	0.00379398380755683
del49_17p11.2 	6.72200391861005e-16	2.05875719811909e-16	3.26507852638056	0.00206999840786527	1	0.0257271230691827
amp44_21q22.3 	-5.99708265467531e-16	2.00370842142033e-16	-2.99299169009046	0.00443257711979743	1	0.048204276177797
del38_12q24.33	1.28834462150457e-15	4.52603574945458e-16	2.84651888058953	0.00658227907191285	1	0.0625691973751949
amp15_7q31.2  	-6.7424302887205e-16	2.39675151196055e-16	-2.81315366030797	0.00719186176726379	1	0.0625691973751949
amp10_5p13.2  	-3.63910012114768e-16	1.3263102554694e-16	-2.74377741266861	0.00863029085458489	1	0.0682577549408078
amp39_19q13.12	-1.99197646947286e-16	7.37164351765601e-17	-2.70221486524928	0.00961480178324857	1	0.0697073129285522
del67_22q11.21	4.4773366726107e-15	1.67922229323714e-15	2.66631564542862	0.0105473125966459	1	0.0705858612237069
amp42_21q11.2 	-5.83213979410676e-16	2.2212303984095e-16	-2.62563478254342	0.0117039929935049	1	0.0727319564596376
del6_2p11.2  	8.01675641382374e-16	3.16413484513721e-16	2.53363298537806	0.0147600295482169	1	0.0856081713796581
del41_15q11.1 	1.28676818598116e-15	5.59681470616169e-16	2.29910807046108	0.0260902490273566	1	0.141865729086251
amp9_5p15.33 	-3.45313259903174e-16	1.59902092156793e-16	-2.15952934227137	0.0360573366524875	1	0.175283190600051
amp25_12p12.1 	-6.15647738180364e-16	2.85418694010906e-16	-2.15699865180114	0.0362654877103553	1	0.175283190600051
amp22_10q25.1 	5.7684960669725e-16	2.82290558132717e-16	2.0434605057745	0.0467586760873279	1	0.214105516820922
del31_9q34.13 	3.47484117361009e-16	1.75538653234347e-16	1.97953049632386	0.0537586413903992	1	0.233850090048237
del3_1p11.2  	8.12194121745138e-16	4.42842268190616e-16	1.83404832845707	0.0731203533892831	1	0.268521976760004
amp14_6q21    	-2.46357772854564e-16	1.35005680724344e-16	-1.82479560513887	0.0745298978234429	1	0.268521976760004
del21_6q27    	8.08017032318108e-16	4.44003367386569e-16	1.81984437882565	0.0752935308907945	1	0.268521976760004
del2_1p36.21 	-3.16576414636828e-16	1.74393219603541e-16	-1.81530231138872	0.0759998503439158	1	0.268521976760004
amp2_2q24.2  	-8.67188302557832e-16	4.85618142153076e-16	-1.78574115603053	0.0807344210195674	1	0.268521976760004
del35_11q14.3 	-3.35281050293303e-16	1.87806952621761e-16	-1.78524301477034	0.0808162778444732	1	0.268521976760004
amp29_14q11.2 	-1.38933829740627e-16	7.84882955545402e-17	-1.77012163098999	0.0833344065806909	1	0.268521976760004
del18_6p22.1  	4.40516434112538e-16	2.52027085543418e-16	1.74789322013823	0.087154950406212	1	0.270802881619302
amp31_15q25.3 	4.2225011769322e-16	2.52148634951363e-16	1.67460798578057	0.100797842837449	1	0.302393528512348
del13_4p16.1  	-6.44224646269356e-16	4.04430371840604e-16	-1.59291856182171	0.118027685013786	1	0.342280286539981
amp28_13q33.1 	-5.32426812381665e-16	3.53231132661128e-16	-1.5073043204616	0.13857019001819	1	0.388890533276857
del64_21p11.2 	3.61099882386463e-16	2.51144025081239e-16	1.4378199213366	0.15725370430496	1	0.42753350857911
amp34_16q13   	-8.33861758740096e-16	6.85698425044966e-16	-1.21607652618629	0.230159506362871	1	0.600837592599203
del28_8q24.3  	-1.79884751952514e-16	1.51109592867731e-16	-1.19042576013007	0.239986358509726	1	0.600837592599203
del9_2q37.3  	7.7819091548391e-16	6.57235694963984e-16	1.18403629237842	0.242481033244739	1	0.600837592599203
del39_13q11   	-7.82409818288906e-16	6.6958054131174e-16	-1.16850740129952	0.248622452110015	1	0.600837592599203
amp3_2q31.2  	4.98338777712459e-16	4.50282449796259e-16	1.10672485222985	0.274167064375208	1	0.629215691367012
del62_20q13.33	5.90795525759269e-16	5.34570759945424e-16	1.10517740592393	0.274829842206281	1	0.629215691367012
del11_3q21.3  	6.62227003565874e-16	6.20474198908371e-16	1.06729176608949	0.29140960718051	1	0.650067585248829
amp1_1q21.1  	-4.60691432083781e-16	4.47983449931533e-16	-1.02836707952981	0.309154430061204	1	0.672410885383118
del32_10q11.22	8.04890248541952e-16	8.05689600702512e-16	0.999007865858187	0.323017248441296	1	0.682176030017019
amp27_12q14.3 	-1.79267821516989e-16	1.83734870121741e-16	-0.97568752952669	0.334322645892966	1	0.682176030017019
del58_19p12   	-2.3691185371711e-16	2.44263571834161e-16	-0.969902519389822	0.33716746311186	1	0.682176030017019
del29_9p21.3  	-6.88585136954936e-16	7.51676466049365e-16	-0.916065844889329	0.364410027340859	1	0.720538008605789
del63_20q13.33	-6.240058480892e-16	7.00002475922209e-16	-0.891433772812178	0.377335775751837	1	0.729515833120219
amp6_3q29    	2.16767282713652e-16	2.49854757531273e-16	0.867573164727592	0.3901315294734	1	0.737857457917083
del66_21q22.3 	-5.96508919330452e-16	7.25661925819481e-16	-0.822020417643962	0.415305852663702	1	0.768757642164724
amp11_5q22.3  	6.35304543084556e-16	8.63803088523767e-16	0.735473803607586	0.465784604536816	1	0.82647310134827
amp5_3q25.1  	3.19959457729239e-16	4.37636235955007e-16	0.731108238857382	0.468420998527369	1	0.82647310134827
del56_19p13.2 	4.01347786809392e-16	5.69139109410159e-16	0.705183987839703	0.484251420642812	1	0.82647310134827
amp38_19q12   	-7.8452726562078e-16	1.13516438832586e-15	-0.691113352117925	0.492967473835751	1	0.82647310134827
del59_19q13.2 	-2.58815878066119e-16	3.75628500129679e-16	-0.689020875617177	0.494271036115702	1	0.82647310134827
del47_16q23.1 	5.49733941377091e-16	8.58294495921966e-16	0.640495708628046	0.52502830172488	1	0.82647310134827
del33_10q26.3 	-8.0431273931865e-16	1.2655017229338e-15	-0.635568268887078	0.528207219518269	1	0.82647310134827
del44_16p11.2 	-5.80443363277028e-16	9.13336587636451e-16	-0.635519666171602	0.52823862573687	1	0.82647310134827
del22_7p22.1  	-2.11424141776216e-16	3.37409374042169e-16	-0.626610159769279	0.534012346007338	1	0.82647310134827
amp36_17q21.2 	-5.39781680405592e-16	8.80234472199299e-16	-0.613224882066851	0.542748016950728	1	0.82647310134827
amp37_17q23.3 	-2.83475407016368e-16	4.71901074222859e-16	-0.600709391228244	0.550982067565513	1	0.82647310134827
del34_11p15.5 	2.03847580940127e-16	3.47857621035926e-16	0.586008667376799	0.560734197883072	1	0.82684534264114
del8_2q37.3  	4.05224590483379e-16	8.03599789628129e-16	0.504261693088421	0.616484415061391	1	0.876806370515153
del55_18q23   	4.01286288993239e-16	8.2391134582027e-16	0.487050325291645	0.628535578951421	1	0.876806370515153
del37_12p13.31	5.57338786888123e-17	1.18691722285214e-16	0.469568371035047	0.64088175862372	1	0.876806370515153
del30_9q34.13 	2.82506524421702e-16	6.25514206508418e-16	0.451638862047012	0.65365148090991	1	0.876806370515153
del51_17q11.2 	3.77236117303182e-16	8.4207353141156e-16	0.447984770012691	0.656267054897198	1	0.876806370515153
amp4_3q21.3  	2.5500321548875e-16	5.85961147487434e-16	0.435187924288477	0.665461129863939	1	0.876806370515153
amp40_19q13.33	3.00680582285436e-16	6.9805168189335e-16	0.430742579789922	0.668667240441235	1	0.876806370515153
amp17_8p23.1  	1.98774672411011e-16	4.7141669366289e-16	0.42165386818727	0.675241687638106	1	0.876806370515153
del19_6p21.33 	1.56825826558656e-16	4.27586425067685e-16	0.366769891101738	0.715472459080199	1	0.915383881470254
del27_8q21.2  	-2.07379985061425e-16	7.09881883796834e-16	-0.292133085510288	0.771498419906536	1	0.927498990272182
del26_8p23.1  	-3.31703765186917e-16	1.1647462486579e-15	-0.284786291923352	0.777086108054097	1	0.927498990272182
amp12_5q31.3  	7.52272915448268e-17	2.6992566401528e-16	0.278696328558696	0.781726960075099	1	0.927498990272182
del65_21q22.3 	1.9410685000569e-16	7.32838485628606e-16	0.264869891268321	0.7922929849674	1	0.927498990272182
del73_xq28    	1.5153910133687e-16	5.76693890779956e-16	0.262772163464258	0.793899550109692	1	0.927498990272182
del17_5q13.2  	-7.00115507357894e-17	2.7037090922414e-16	-0.258946315403145	0.796831935277019	1	0.927498990272182
del60_19q13.42	1.84690444476437e-16	7.67894843728446e-16	0.240515281467042	0.81099953483375	1	0.927498990272182
amp35_16q24.1 	1.50512977326775e-16	6.91370567115972e-16	0.217702321281385	0.828623885667232	1	0.927498990272182
del48_16q24.3 	-2.20775430365731e-16	1.03142263096156e-15	-0.214049433993813	0.831454506186516	1	0.927498990272182
del45_16q11.2 	2.26650452358525e-16	1.05948461261836e-15	0.213925195004383	0.831550818864715	1	0.927498990272182
amp16_7q36.1  	3.48515208118618e-17	1.87759847462949e-16	0.185617539014773	0.853560770631639	1	0.93891442257948
del5_2p23.3  	-1.67484698400925e-16	1.27029413736089e-15	-0.131847178913133	0.895680178973433	1	0.93891442257948
del20_6q25.1  	6.89578128189905e-17	5.39345863885587e-16	0.127854531639866	0.898821413223224	1	0.93891442257948
amp13_6p22.2  	-1.00035928240991e-16	7.83742257886566e-16	-0.127638808848648	0.898991181255625	1	0.93891442257948
del69_22q13.33	1.0433357905094e-16	8.60435665760256e-16	0.121256687981145	0.904015864545983	1	0.93891442257948
del72_xp11.22 	3.11429401681731e-16	2.74726968366737e-15	0.113359603366641	0.910238765597809	1	0.93891442257948
del7_2q14.3  	-1.03296929529795e-16	1.09674790261514e-15	-0.0941847522876395	0.925371461045891	1	0.93891442257948
amp18_8q24.13 	-6.49407929309229e-18	7.15970810657115e-17	-0.0907031291838845	0.928122302779716	1	0.93891442257948
del54_18p11.21	1.22645845281151e-17	3.90039391428411e-16	0.0314444766288848	0.975051111455882	1	0.975051111455882
