estimate	std_error	t_value	p_values	r_sq	FDR
amp27_12q14.3 	0.685949918864522	0.224014447678282	3.06207892380962	0.00366514935411754	0.155239320877133	0.428822474431753
amp28_13q33.1 	0.964615702461611	0.344397406228367	2.80087969600439	0.00742897988417102	0.131213534280111	0.434595323224005
del11_3q21.3  	1.09836089450755	0.428603430353763	2.56265073193879	0.013725521835536	0.110095976643786	0.535295351585904
del13_4p16.1  	-0.958793630544609	0.422221264281017	-2.27083217179338	0.0278842041292286	0.0855594024437599	0.815612970779937
amp18_8q24.13 	-0.318330291266698	0.183452791604069	-1.73521639263862	0.0893984374180431	0.0455251502258712	0.991509133664335
del10_3p21.1  	0.87217149851423	0.523537610738674	1.66591946905908	0.102526100972997	0.04091300912881	0.991509133664335
del38_12q24.33	0.731101514073012	0.443019648742291	1.65026882249708	0.105700611527676	0.0398913829960393	0.991509133664335
amp44_21q22.3 	-0.657242194268377	0.399601446088158	-1.64474428384171	0.106840240856576	0.03953254506468	0.991509133664335
amp41_20q13.2 	-0.548054749073315	0.343236876636103	-1.59672455490369	0.117175004845998	0.036453194134128	0.991509133664335
del43_16p13.11	0.764622681720458	0.482805829349865	1.58370639963084	0.120112361448936	0.0356307739916397	0.991509133664335
del19_6p21.33 	0.674022297377859	0.425634594789348	1.58357028688291	0.120143385069499	0.0356222032675937	0.991509133664335
amp31_15q25.3 	-0.443492484998846	0.285199137097486	-1.55502744332376	0.1267934978769	0.0338378852516	0.991509133664335
amp11_5q22.3  	-0.65684460692453	0.426020081971549	-1.5418160662398	0.129970221707272	0.0330207825377977	0.991509133664335
del44_16p11.2 	1.23833279430522	0.824075967097602	1.50269252319859	0.139752948607685	0.0306340572243708	0.991509133664335
amp32_15q26.3 	-0.562660006014452	0.387792633042808	-1.45093010560709	0.153584969070284	0.0275532444383841	0.991509133664335
del22_7p22.1  	-0.393668373075185	0.279237755253532	-1.40979636767871	0.165325496383587	0.0251686639567833	0.991509133664335
amp36_17q21.2 	0.502280063775765	0.365143755134022	1.37556799675078	0.175617142362153	0.0232280772438722	0.991509133664335
amp33_16p13.13	-0.593057070745023	0.442070201342265	-1.34154500562199	0.186329289276788	0.0213390083431957	0.991509133664335
amp42_21q11.2 	-0.536102458286064	0.413801430977917	-1.29555486799337	0.201592692828808	0.0188495702893179	0.991509133664335
del29_9p21.3  	-0.600712262930951	0.471872873922113	-1.27303834598067	0.209400751026448	0.0176579520777833	0.991509133664335
del21_6q27    	-0.742107341036216	0.593002757136539	-1.25143995049815	0.217100920871744	0.0165319004519149	0.991509133664335
del36_11q25   	0.491174979703268	0.401053689041612	1.22471128710227	0.226918899787518	0.0151615809813024	0.991509133664335
del23_7p11.2  	-0.619978870142541	0.507046579040301	-1.22272567407119	0.227661104659388	0.0150608129699126	0.991509133664335
del68_22q13.2 	-0.697009665184908	0.576486875186212	-1.20906423925049	0.232816110811925	0.0143713876226894	0.991509133664335
del26_8p23.1  	0.558083749656615	0.46164482926817	1.20890284971095	0.232877516656377	0.0143632836474825	0.991509133664335
del71_xp11.23 	0.871714353407039	0.731258975583524	1.19207337279031	0.239346112777283	0.0135234286986026	0.991509133664335
del47_16q23.1 	-0.436452281857186	0.370845235068554	-1.17691220106011	0.245284680037173	0.012775707054552	0.991509133664335
amp21_10q21.2 	-0.534222657099727	0.483444262293097	-1.10503464156504	0.274891045672633	0.00934661956418115	0.991509133664335
del12_3q29    	0.347140764788428	0.319877066543647	1.08523180026431	0.283473845822078	0.00843584863627833	0.991509133664335
amp43_21q22.11	-0.383723841771602	0.357883428686766	-1.07220343557023	0.289221748664438	0.00784473593293222	0.991509133664335
del14_4q35.2  	0.828428065473366	0.777801707975574	1.0650890284486	0.292394519940553	0.00752466650656225	0.991509133664335
amp5_3q25.1  	0.455220864817516	0.433428496718208	1.05027903855956	0.299076463924523	0.00686456447989459	0.991509133664335
del3_1p11.2  	0.584080014498475	0.55923933976276	1.04441868260958	0.301749377528166	0.00660567305295479	0.991509133664335
del39_13q11   	-0.518175731215641	0.529443222342156	-0.978718225768062	0.332838678864972	0.00379372839097336	0.991509133664335
del62_20q13.33	-0.393000332345247	0.403808642064978	-0.973234080220621	0.335527188586122	0.00356657569637742	0.991509133664335
del72_xp11.22 	0.802285448778236	0.856698653389122	0.936485012091911	0.353914332949499	0.0020747974874642	0.991509133664335
del2_1p36.21 	-0.405054916402993	0.437241228937162	-0.926387745701824	0.359079561743986	0.00167420809206287	0.991509133664335
del6_2p11.2  	0.498032454667895	0.541619660642031	0.91952432834054	0.362618323231008	0.00140421316740291	0.991509133664335
del70_22q13.33	0.571175717448628	0.634163437689692	0.900675888110905	0.372452097146397	0.000672342443103213	0.991509133664335
del48_16q24.3 	-0.531172242136026	0.596439813478471	-0.890571404075458	0.377793535849811	0.000285801397897023	0.991509133664335
del35_11q14.3 	0.204048618782006	0.23289672649768	0.876133477058716	0.385509852979622	-0.000259453450700553	0.991509133664335
del57_19p13.12	0.575390157552928	0.681349194757288	0.844486442459061	0.402768398943724	-0.0014254342815343	0.991509133664335
amp37_17q23.3 	0.333670207975264	0.396251164175583	0.842067451510153	0.404106988680186	-0.00151290280462812	0.991509133664335
amp34_16q13   	0.477099944000827	0.56912355655851	0.838306442428514	0.40619366082128	-0.00164842933850307	0.991509133664335
del66_21q22.3 	0.664874577911102	0.811067582435825	0.819752376139025	0.416584670758905	-0.00230866350590553	0.991509133664335
del33_10q26.3 	0.436413672249682	0.542855106345846	0.803922938456526	0.425576601786042	-0.00286093042824986	0.991509133664335
amp17_8p23.1  	-0.150830706974732	0.189572738616729	-0.795635005725565	0.430330900296431	-0.00314602780738293	0.991509133664335
del54_18p11.21	0.413146651377212	0.531539033202374	0.777264933655237	0.440981571521947	-0.00376797227384862	0.991509133664335
del8_2q37.3  	-0.436804947158634	0.565357276116607	-0.772617538698736	0.443700591865047	-0.003923133894006	0.991509133664335
amp24_11q14.2 	0.217729086954187	0.305951334352678	0.711646142726757	0.480277536931579	-0.00587668403689334	0.991509133664335
del5_2p23.3  	0.308901444056622	0.448993285626367	0.687986778300459	0.494915956192122	-0.00659341837380456	0.991509133664335
amp16_7q36.1  	-0.252890864929011	0.376086206014664	-0.672427919143491	0.504675151255843	-0.00705208510932653	0.991509133664335
amp35_16q24.1 	-0.271789833758095	0.409056631536486	-0.664430821564257	0.509731767466415	-0.0072839120510515	0.991509133664335
amp19_9p22.3  	-0.186708882600745	0.283583463764276	-0.658391290247951	0.513568682004903	-0.00745722274290839	0.991509133664335
amp6_3q29    	0.101369348840514	0.154617650121133	0.655613047805974	0.51533890061597	-0.0075364357455896	0.991509133664335
del31_9q34.13 	0.30840692726834	0.47097866332578	0.654821441571363	0.515843888410071	-0.00755894690717729	0.991509133664335
amp3_2q31.2  	0.22721544865194	0.352742628738961	0.644139466398561	0.522684067850078	-0.00786015077451485	0.991509133664335
del64_21p11.2 	-0.313394738605006	0.503205782311471	-0.622796377985623	0.536493855872093	-0.00844765051596341	0.991509133664335
amp15_7q31.2  	0.164620156616857	0.266397895181692	0.617948413235702	0.539656904691906	-0.00857843225548005	0.991509133664335
amp23_11q13.1 	-0.12528594871823	0.206144865942054	-0.607756822590219	0.546337699930971	-0.00885014281053698	0.991509133664335
del4_1q42.13 	0.231964002817872	0.402993801844959	0.575601911880308	0.567689618202978	-0.00967868711772346	0.991509133664335
amp1_1q21.1  	-0.174944872528314	0.313777895757677	-0.557543647572357	0.579859286281921	-0.0101248178047464	0.991509133664335
del27_8q21.2  	0.15450204458643	0.279749548419411	0.552287020513059	0.583425393875945	-0.0102520833505089	0.991509133664335
del32_10q11.22	-0.309357076019681	0.591527661165168	-0.522979898201753	0.603498380071607	-0.0109400807422435	0.991509133664335
del34_11p15.5 	0.29367239382087	0.569326552548059	0.515824165422322	0.608447785870249	-0.0111025048597531	0.991509133664335
del46_16q22.1 	-0.235916714602555	0.461261460924022	-0.511459843469157	0.611475596645917	-0.0112004948982951	0.991509133664335
amp9_5p15.33 	0.11423912784579	0.238886372070535	0.478215340856948	0.634761941518301	-0.011920172866676	0.991509133664335
del50_17p11.2 	-0.50423891748049	1.09737022222284	-0.459497539908729	0.648041193145187	-0.0123045205754426	0.991509133664335
del16_5p14.3  	-0.107479241921038	0.255086478977408	-0.421344331349514	0.675466050434752	-0.0130412524920431	0.991509133664335
del41_15q11.1 	-0.189282736471503	0.454373678671489	-0.416579448494758	0.678923546541034	-0.0131288497914193	0.991509133664335
del45_16q11.2 	-0.245232130621359	0.625842372317478	-0.391843284297403	0.696983512741207	-0.0135678154309404	0.991509133664335
amp39_19q13.12	-0.105477179950908	0.269546111959147	-0.391314047100387	0.697371901840582	-0.0135769177291989	0.991509133664335
del61_20p11.21	-0.234104327111069	0.599877399521794	-0.390253620652638	0.698150359004764	-0.0135951193691151	0.991509133664335
del69_22q13.33	-0.193094710156151	0.567964496523705	-0.339976726253155	0.735421627139133	-0.014402066565594	0.991509133664335
del73_xq28    	0.186871194581692	0.551060753449556	0.339111782887652	0.736068800158007	-0.0144149871451971	0.991509133664335
amp38_19q12   	-0.118100630949694	0.352877797698666	-0.334678553652004	0.739388885154467	-0.0144806994307554	0.991509133664335
del65_21q22.3 	-0.177222971620942	0.557918022291037	-0.317650558935509	0.752187498797776	-0.0147251351306557	0.991509133664335
del24_7q22.1  	0.0756514466959527	0.250673244914055	0.301793064201527	0.764170049429747	-0.0149413910007112	0.991509133664335
amp29_14q11.2 	0.0551745044199375	0.187539013938705	0.29420280751807	0.769926462711274	-0.0150410155639085	0.991509133664335
del56_19p13.2 	0.161846468149115	0.574531339063827	0.281701723030177	0.779435686455649	-0.0151996054099135	0.991509133664335
del63_20q13.33	0.12011934282671	0.429443737777441	0.279709149907227	0.780954578515572	-0.0152242516498182	0.991509133664335
del58_19p12   	0.0918717559537128	0.330602743271242	0.277891692744779	0.782340737098232	-0.0152465803418571	0.991509133664335
del53_18p11.21	-0.121510358481857	0.437621182705919	-0.277661053175097	0.782516695031679	-0.0152494035672801	0.991509133664335
del49_17p11.2 	0.120404085101557	0.455426379185517	0.26437661629721	0.792670682755797	-0.0154080857404426	0.991509133664335
del1_1p36.33 	0.165169277312939	0.62974572730712	0.262279313937112	0.794277135042828	-0.015432431416105	0.991509133664335
amp7_4q28.1  	-0.0969844947775696	0.372876778215518	-0.26009797456873	0.79594891304031	-0.015457548110805	0.991509133664335
amp14_6q21    	-0.0840799626843075	0.333765672911553	-0.251913151975304	0.802230327611319	-0.0155499314982988	0.991509133664335
del18_6p22.1  	0.0771420101806116	0.31084598706623	0.248167946154555	0.80510900885974	-0.015591224695511	0.991509133664335
amp26_12q13.11	0.162038185800379	0.681302745934753	0.237835803197977	0.813064658268374	-0.0157019526847566	0.991509133664335
del28_8q24.3  	-0.0518987996975668	0.243327731523611	-0.213287648607084	0.832045099319586	-0.0159462357874078	0.991509133664335
del15_5p15.33 	-0.0466213660062652	0.227380678808304	-0.205036620748106	0.838448120926387	-0.0160223976019083	0.991509133664335
amp30_14q13.3 	0.0443638093468959	0.217446066332419	0.204022128775027	0.839236166858846	-0.0160315553130324	0.991509133664335
amp4_3q21.3  	0.071028450846418	0.354661801254482	0.200270935847001	0.842151491301592	-0.0160650238363171	0.991509133664335
del20_6q25.1  	-0.147982129502274	0.768753647096357	-0.19249616578889	0.848200905944273	-0.0161324202251798	0.991509133664335
del9_2q37.3  	0.0951094472278451	0.558683417032161	0.170238536402397	0.865569092982841	-0.0163106527496308	0.991509133664335
amp20_9q33.2  	0.0953318836687977	0.565365178084444	0.168620012983111	0.8668347961843	-0.0163227625706877	0.991509133664335
amp40_19q13.33	-0.0624249057130501	0.409461937334881	-0.152455942838945	0.879494090804621	-0.0164373700464089	0.991509133664335
del30_9q34.13 	0.0545006664919886	0.396589204466025	0.13742347466409	0.891295838688739	-0.0165336181548275	0.991509133664335
amp8_4q31.21 	0.0729372617638407	0.548983154129828	0.132858834037359	0.894884520616415	-0.0165608716060479	0.991509133664335
del60_19q13.42	-0.0589622721918158	0.506214610203201	-0.116476828213527	0.907781691273325	-0.0166511115807759	0.991509133664335
del67_22q11.21	-0.0942053018313738	0.832755003333185	-0.11312487040523	0.910423824181878	-0.0166681162012763	0.991509133664335
del59_19q13.2 	0.0410009939655554	0.367132161552217	0.111679112481471	0.91156373993352	-0.0166752975037296	0.991509133664335
amp22_10q25.1 	0.04832035545983	0.436823498742741	0.110617573456797	0.912400836032566	-0.0166805115860449	0.991509133664335
del25_7q35    	0.0319446142034975	0.35853358845076	0.0890979680356634	0.929390846795602	-0.0167754840906524	0.991509133664335
del55_18q23   	-0.0455010194278016	0.546847841052798	-0.0832059962789696	0.934048781157218	-0.0167979207297364	0.991509133664335
amp2_2q24.2  	0.0469462477144553	0.592498762468552	0.0792343388513779	0.937189925901937	-0.0168121795372989	0.991509133664335
del37_12p13.31	0.0243259545438833	0.309274012049396	0.0786550230415031	0.937648186672354	-0.0168142011257748	0.991509133664335
del7_2q14.3  	-0.0265851860473545	0.497850874527012	-0.053399898257911	0.957644526942	-0.0168879169896883	0.991509133664335
amp25_12p12.1 	-0.0132873886403978	0.252499761121566	-0.0526233711326189	0.958259864026701	-0.0168897368872138	0.991509133664335
del42_15q11.2 	0.0255927357759521	0.499558484415253	0.0512307098655508	0.959363503389392	-0.0168929340173789	0.991509133664335
amp10_5p13.2  	-0.0116074786911347	0.261311427635925	-0.0444200959603914	0.964761814348702	-0.0169073343877937	0.991509133664335
del52_17q25.1 	0.0154690281140526	0.431269168347706	0.0358686158190212	0.971542324084689	-0.0169225121303762	0.991509133664335
amp12_5q31.3  	-0.00634948217112216	0.205829030716299	-0.0308483314964149	0.97552395418526	-0.0169299164562824	0.991509133664335
amp13_6p22.2  	0.0083287773305333	0.282046326359087	0.0295298202889178	0.976569785257465	-0.0169316763587486	0.991509133664335
del17_5q13.2  	-0.00862471642600371	0.379975738730729	-0.0226980713421697	0.981989291094639	-0.0169395642964594	0.991509133664335
del40_14q11.2 	-0.0136812307748609	0.639896425267738	-0.0213803831911338	0.983034696624469	-0.0169408483170739	0.991509133664335
del51_17q11.2 	0.00330226500356831	0.509318528637547	0.00648369304843873	0.994854835215739	-0.0169500247078116	0.994854835215739
