estimate	std_error	t_value	p_values	r_sq	FDR
amp24_11q14.2 	0.264563809551116	0.0884836683232325	2.98997334270387	0.00451119306263196	0.504937284531132	0.378064260461885
del35_11q14.3 	0.19417346370682	0.0679778602656445	2.85642211961405	0.00646263693097239	0.497665880581483	0.378064260461885
del73_xq28    	-0.40276374582114	0.162543315555352	-2.47788562971686	0.0170354517717357	0.477831507636669	0.664382619097692
del60_19q13.42	-0.321940295683017	0.158136860640485	-2.03583335586085	0.0476798125630979	0.456631166447029	0.90888866117174
del39_13q11   	-0.325873077998388	0.160815444884705	-2.0263792338604	0.0486775179085571	0.456206212239822	0.90888866117174
del6_2p11.2  	-0.331727581059848	0.165137079851762	-2.00880130227341	0.0505807550725997	0.455419607971503	0.90888866117174
del37_12p13.31	-0.185185742715076	0.0948671817539527	-1.95205274670616	0.0571711413572567	0.452911811384866	0.90888866117174
amp42_21q11.2 	-0.227340583417469	0.128035957946406	-1.77559950395053	0.0825618077493356	0.445438703600425	0.90888866117174
del29_9p21.3  	-0.249197319838364	0.146382054603275	-1.70237615883818	0.0955843213620326	0.442490160275454	0.90888866117174
del34_11p15.5 	0.289527721434845	0.174139681915887	1.66261772302244	0.103340008256461	0.440928585772568	0.90888866117174
amp3_2q31.2  	0.161820880931354	0.108645531166352	1.48943890461157	0.14334766607127	0.434465431186146	0.90888866117174
del50_17p11.2 	-0.517011196525466	0.348495760664755	-1.48355089180789	0.144898885612422	0.434255696226124	0.90888866117174
amp8_4q31.21 	0.24405119502619	0.168555262103475	1.44790018407357	0.15457676849569	0.433000293269659	0.90888866117174
del40_14q11.2 	-0.279250475613911	0.196595063901612	-1.4204348271616	0.162373139750048	0.432050263587824	0.90888866117174
del2_1p36.21 	-0.180584286522763	0.136504318565583	-1.32291995169371	0.192545428419737	0.428800288407403	0.90888866117174
del42_15q11.2 	0.188874596559647	0.154412342365187	1.22318328746647	0.227627490476948	0.425680669251112	0.90888866117174
del54_18p11.21	-0.195703934427358	0.165473242611576	-1.18269232740392	0.243142384766086	0.424474860881899	0.90888866117174
amp25_12p12.1 	-0.0903942670223119	0.0782758704707745	-1.15481650320404	0.254261241614792	0.423665486936697	0.90888866117174
amp14_6q21    	-0.118467265063335	0.103639082886545	-1.14307519676744	0.259052388508313	0.423329689392153	0.90888866117174
del12_3q29    	0.111350867629712	0.10042235945762	1.10882544715258	0.273396497802709	0.422367600767055	0.90888866117174
del57_19p13.12	-0.234119149700568	0.212835526614869	-1.10000033088561	0.277181850172004	0.422123933345806	0.90888866117174
amp32_15q26.3 	0.131364536778415	0.123196834237278	1.06629799046139	0.291976608154431	0.421209475350148	0.90888866117174
del58_19p12   	-0.108961388545668	0.103501252090122	-1.05275430340487	0.298073897032432	0.420849211267711	0.90888866117174
amp13_6p22.2  	-0.0908636356055632	0.0886595089403268	-1.02486057831338	0.310906871646891	0.420120374317112	0.90888866117174
del69_22q13.33	0.179760101747883	0.17849204894927	1.00710425369689	0.319269535088787	0.419665685073199	0.90888866117174
del9_2q37.3  	0.175286585077232	0.17407851134751	1.00693982112078	0.319347682247249	0.419661508253049	0.90888866117174
del51_17q11.2 	0.158733709976593	0.158193750303671	1.0034132806883	0.32102679696601	0.419572078876973	0.90888866117174
del21_6q27    	-0.189558963415108	0.189347319713036	-1.0011177538842	0.322122978814045	0.419514020552307	0.90888866117174
amp22_10q25.1 	-0.133628244293195	0.136253345109439	-0.980733678030908	0.331967627384189	0.419003801744847	0.90888866117174
del23_7p11.2  	-0.153346992755183	0.160779325468973	-0.953773081880329	0.345294032824998	0.418343764050711	0.90888866117174
amp41_20q13.2 	-0.103171515109102	0.109887836600818	-0.938880210044409	0.352804616219253	0.417986426764627	0.90888866117174
amp10_5p13.2  	0.0750535568932306	0.0813967628008222	0.922070538319645	0.361409224314534	0.417589339593101	0.90888866117174
del70_22q13.33	0.185740076497742	0.201620057176977	0.921238090586911	0.36183884781534	0.417569847543247	0.90888866117174
del11_3q21.3  	0.129926282635145	0.142849231875019	0.909534345615659	0.367914102965108	0.417297527728761	0.90888866117174
del22_7p22.1  	0.0798913924232108	0.0888973813096056	0.898692303938298	0.373600293435221	0.417048141305479	0.90888866117174
amp33_16p13.13	0.124332283116082	0.141350673326202	0.879601633231376	0.383748365661111	0.416615785379379	0.90888866117174
amp11_5q22.3  	0.118752097918246	0.136469493005753	0.870173218224237	0.388824002603935	0.416405448183443	0.90888866117174
amp4_3q21.3  	-0.0944539033214167	0.110552254510287	-0.854382425214385	0.397418831772215	0.416057918847038	0.90888866117174
amp34_16q13   	0.15426765211196	0.180650943424654	0.85395431204212	0.397653488425797	0.416048579685662	0.90888866117174
amp9_5p15.33 	-0.0635877822792731	0.07468735608361	-0.851386173157458	0.399062943763423	0.41599264850864	0.90888866117174
del19_6p21.33 	-0.116487690432586	0.137365952179694	-0.848009922285575	0.400920632014077	0.415919357656855	0.90888866117174
del48_16q24.3 	0.152879532460666	0.187547520245724	0.815150913541079	0.419279426661964	0.415220348138348	0.90888866117174
amp12_5q31.3  	-0.0521726535950122	0.0644141516269024	-0.809956388111808	0.422227796342226	0.415112224156257	0.90888866117174
del26_8p23.1  	0.119126639916695	0.147986706194752	0.804982035074984	0.425062938020131	0.41500929381805	0.90888866117174
del44_16p11.2 	-0.211761048119626	0.263182122078835	-0.804617906592432	0.425270924269223	0.415001782685526	0.90888866117174
del3_1p11.2  	0.140994035811423	0.176963647875365	0.796740107384791	0.429785660434346	0.414840067134346	0.90888866117174
amp16_7q36.1  	-0.0944825176656057	0.118603107652052	-0.796627673052135	0.42985030373703	0.41483776995363	0.90888866117174
del32_10q11.22	-0.146856892245031	0.18604822525027	-0.789348525348635	0.434047805147803	0.414689699308931	0.90888866117174
amp27_12q14.3 	-0.0599348081623574	0.0768818939839792	-0.779569870831314	0.439725013178607	0.414492807714476	0.90888866117174
amp20_9q33.2  	-0.13493327843753	0.177099180940746	-0.761907975636976	0.45008991243006	0.414143081888615	0.90888866117174
del17_5q13.2  	0.0878602365343021	0.11893023904542	0.73875439282307	0.463892072673906	0.413696146417636	0.90888866117174
amp29_14q11.2 	-0.0431868291378921	0.0589267837454795	-0.732889636814856	0.467426433349161	0.413585021912137	0.90888866117174
del62_20q13.33	0.103703548304422	0.144269806387725	0.718816715021565	0.475970021804835	0.413321814956472	0.90888866117174
amp40_19q13.33	0.0904785944041025	0.12893569572657	0.701734255159083	0.486458565308429	0.413008869950718	0.90888866117174
del36_11q25   	0.0894267101264249	0.129313290460477	0.691550805087256	0.492772099076644	0.412825738563894	0.90888866117174
amp23_11q13.1 	0.0440164482632757	0.064865374302792	0.678581581257924	0.500878053252471	0.412596224354563	0.90888866117174
del10_3p21.1  	0.114511495750661	0.168950140982983	0.677782777122363	0.501379695208385	0.412582224297413	0.90888866117174
del46_16q22.1 	-0.0968116745207418	0.14463845405283	-0.66933565596173	0.506701203901414	0.41243514663702	0.90888866117174
del72_xp11.22 	-0.175705853493666	0.271168513591512	-0.647958168765675	0.520304544158011	0.412070854810862	0.90888866117174
del16_5p14.3  	0.0508278672381031	0.0802510333557063	0.63336090655447	0.529703988420658	0.411828647707873	0.90888866117174
amp31_15q25.3 	-0.0580276852585298	0.0917496972554236	-0.632456422139307	0.53028932496784	0.41181381501074	0.90888866117174
del63_20q13.33	0.100218586050136	0.166888980729211	0.600510504721384	0.551178667871755	0.411303071687448	0.90888866117174
del30_9q34.13 	-0.0739812714003629	0.125312686704392	-0.59037335601049	0.55789372783773	0.411146355563844	0.90888866117174
amp37_17q23.3 	0.0739081696364899	0.125704907337449	0.587949756313703	0.559505244218411	0.411109270700157	0.90888866117174
del45_16q11.2 	-0.115276791474368	0.19614699483647	-0.587706131161863	0.559667366155131	0.411105551035053	0.90888866117174
del7_2q14.3  	0.0953018800859688	0.163800822394791	0.581815638606948	0.563594386188757	0.41101607017612	0.90888866117174
del1_1p36.33 	0.114947783144291	0.19882689354395	0.578129955638433	0.566058486450762	0.410960526738306	0.90888866117174
del24_7q22.1  	-0.0448611249737724	0.0787294207617325	-0.569813984908394	0.571637770527635	0.41083646347282	0.90888866117174
del66_21q22.3 	-0.144987616848273	0.25567522029121	-0.567077312706074	0.573479731173611	0.410796017752587	0.90888866117174
del43_16p13.11	-0.086157893947427	0.157120905340573	-0.548354108326148	0.586159081105385	0.4105243839038	0.90888866117174
amp26_12q13.11	0.115174874262391	0.213861759626094	0.538548240058238	0.592852828214541	0.410385663680869	0.90888866117174
del61_20p11.21	0.0962332400953216	0.18945458221039	0.507948865488269	0.61397012259953	0.409968484004959	0.90888866117174
amp43_21q22.11	-0.0581114435932508	0.114899110542346	-0.505760604402886	0.615493345875376	0.409939562981104	0.90888866117174
amp39_19q13.12	-0.0419138001588	0.0847142128060606	-0.49476703814453	0.623171673175958	0.409796114627729	0.90888866117174
del20_6q25.1  	0.115339321429261	0.242147644758662	0.47631816342552	0.636152395732776	0.409562321003842	0.90888866117174
del71_xp11.23 	-0.108972561975141	0.232813625519257	-0.468067802011563	0.641995307377012	0.409460584978041	0.90888866117174
del53_18p11.21	-0.0649027928447627	0.141161296427326	-0.459777534546637	0.647889645536237	0.409360112963584	0.90888866117174
del33_10q26.3 	-0.0786892695464604	0.171305909409577	-0.45934941659439	0.648194659898951	0.409354972318964	0.90888866117174
amp36_17q21.2 	0.0531342263350361	0.11681354756599	0.454863561994124	0.651394287038241	0.409301390877592	0.90888866117174
del14_4q35.2  	-0.110979507325853	0.246834049234247	-0.449611824908861	0.655148641870161	0.409239317328418	0.90888866117174
amp35_16q24.1 	0.0564530576196854	0.129153615165957	0.437100096246981	0.664129247085494	0.409094286958803	0.90888866117174
amp38_19q12   	-0.0456484445352363	0.111033911702795	-0.411121645947444	0.682934710303222	0.40880601649164	0.90888866117174
amp18_8q24.13 	-0.0241840674805999	0.0593588932362626	-0.407421132067633	0.685630445670636	0.408766368438099	0.90888866117174
del15_5p15.33 	-0.0291894800205203	0.0717275713520721	-0.406949231241147	0.685974512536682	0.408761337789629	0.90888866117174
del28_8q24.3  	-0.0307838157821612	0.0764206945986186	-0.402820413290481	0.688987731799045	0.408717568011562	0.90888866117174
del65_21q22.3 	0.0697863380018288	0.175300589355794	0.398095284552575	0.6924424060817	0.408668016590623	0.90888866117174
del68_22q13.2 	0.0746410669621238	0.188531324860137	0.395908038186739	0.694043810689115	0.408645274584039	0.90888866117174
amp44_21q22.3 	0.0470698643241947	0.130197527845633	0.361526559705515	0.719397862898697	0.408304045787022	0.90888866117174
amp2_2q24.2  	0.0669762665519649	0.186223124859508	0.359656012659512	0.720786777255963	0.408286358820382	0.90888866117174
amp30_14q13.3 	0.0241029292763352	0.0685124986698551	0.351803389808935	0.726627834401161	0.408213098112724	0.90888866117174
del25_7q35    	-0.0394931449138047	0.113519895515759	-0.347896240869268	0.729540266345846	0.408177242434824	0.90888866117174
del4_1q42.13 	-0.0400237135827705	0.126873668390399	-0.315461151951679	0.753869917228882	0.407894895908539	0.90888866117174
amp15_7q31.2  	0.0261181841262134	0.0839156672175878	0.311243239697906	0.757053037804904	0.40786018926137	0.90888866117174
del52_17q25.1 	-0.0425986698733853	0.13698810608225	-0.310966193282564	0.757262265529637	0.40785792582326	0.90888866117174
amp5_3q25.1  	-0.0427028967714535	0.137606237757788	-0.31032675165946	0.757745247258133	0.407852709286067	0.90888866117174
amp21_10q21.2 	0.0472544044291417	0.15432278069267	0.306204982939283	0.760860831510563	0.407819339583319	0.90888866117174
del8_2q37.3  	0.0570091420307249	0.186243628912726	0.306099823996876	0.760940372321055	0.407818494008083	0.90888866117174
del5_2p23.3  	-0.0443169129430891	0.144999072804854	-0.305635836738988	0.761291357220774	0.407814766560176	0.90888866117174
del47_16q23.1 	-0.0328046283111386	0.118538146741051	-0.276743219065175	0.783244501239486	0.407593712147572	0.914068423722198
amp28_13q33.1 	-0.0319150967192781	0.117580909403495	-0.271430939607357	0.787300954079738	0.407555438825049	0.914068423722198
del59_19q13.2 	-0.03118972407502	0.115895317491598	-0.269119794915623	0.78906761364053	0.407539017795398	0.914068423722198
del49_17p11.2 	0.0373252359676858	0.144452403588406	0.258391241962564	0.797283163695872	0.407464617260228	0.914530687768794
del67_22q11.21	0.0615505383674863	0.278480971432256	0.221022420494031	0.826074804771876	0.407228976519519	0.938356817070965
del56_19p13.2 	-0.0314146859122258	0.180532988621732	-0.174010778595421	0.862637462574049	0.406984508904337	0.94577705557406
del41_15q11.1 	-0.0231486318849918	0.147644786968697	-0.1567859750436	0.876114855372878	0.406909462158246	0.94577705557406
amp19_9p22.3  	-0.0132035508784941	0.0899684670389792	-0.146757539758609	0.883978920757518	0.406869361194938	0.94577705557406
amp1_1q21.1  	-0.0133612466227861	0.102300581781947	-0.130607728617473	0.89666776235608	0.406810342069241	0.94577705557406
amp6_3q29    	-0.00584825771479527	0.048961526271966	-0.119445984635161	0.905453699508859	0.406773562321208	0.94577705557406
del18_6p22.1  	-0.0123922185786298	0.103817552855275	-0.119365350442279	0.905517215405527	0.406773308548638	0.94577705557406
del64_21p11.2 	0.0190458329277393	0.159903018759132	0.119108651453471	0.90571942244884	0.406772501803287	0.94577705557406
del55_18q23   	0.0201029266784194	0.171910849503238	0.116938091670827	0.907429468021687	0.406765749583472	0.94577705557406
del13_4p16.1  	0.0163825535896076	0.143145454980991	0.114446900125352	0.909392665160465	0.406758152802247	0.94577705557406
del27_8q21.2  	0.0103082352145038	0.0943029589304694	0.109309774914954	0.913442797263835	0.406743003238912	0.94577705557406
amp17_8p23.1  	0.00452962316626022	0.0599724954166443	0.0755283423641415	0.940129130866968	0.406660694697996	0.947584586884992
amp7_4q28.1  	-0.00828541995794118	0.1171819658275	-0.0707055893748861	0.943945369186844	0.40665139678377	0.947584586884992
del38_12q24.33	0.0100193632309413	0.143256708462184	0.069939923501636	0.944551364315727	0.406649977022333	0.947584586884992
del31_9q34.13 	0.00995716664526146	0.1506194369983	0.0661081122310519	0.947584586884992	0.406643103922367	0.947584586884992
