estimate	std_error	t_value	p_values	r_sq	FDR
del5_2p23.3  	1.5931772955097	0.64204174553137	2.48142321990473	0.0175028733053822	0.0746775562289479	0.76823262078103
amp22_10q25.1 	1.49435733306302	0.623831141859604	2.39545164194341	0.0214979853494612	0.0660057171448024	0.76823262078103
amp23_11q13.1 	0.66635236931648	0.287400260215251	2.31855172579666	0.0257516499551925	0.058375885928095	0.76823262078103
amp12_5q31.3  	-0.647135801732245	0.282195395095868	-2.29321885820425	0.0273102949792209	0.0558902960721286	0.76823262078103
amp15_7q31.2  	0.722384165244231	0.371774134069461	1.94307268592619	0.0592507967904908	0.0231515326703396	0.76823262078103
del1_1p36.33 	-1.65300008416474	0.871453214228192	-1.89683170269644	0.0652738627585125	0.0190797390113792	0.76823262078103
del27_8q21.2  	-0.743593874485288	0.409395076243512	-1.81632344313538	0.0770130974655155	0.0121472878010802	0.76823262078103
del3_1p11.2  	-1.56505660825355	0.8639623328812	-1.81148708536204	0.0777719587077162	0.0117373622612534	0.76823262078103
amp24_11q14.2 	0.777053544188698	0.431383622021836	1.80130515977114	0.0793902707762828	0.0108768183215227	0.76823262078103
amp29_14q11.2 	0.458227043781917	0.265911467386447	1.72323160142612	0.0927678382076866	0.00439163402639686	0.76823262078103
del53_18p11.21	1.27558352176801	0.749256986141287	1.70246463544816	0.0966274317928838	0.00270114191885584	0.76823262078103
del67_22q11.21	1.98671110934716	1.1759016782945	1.68952145066128	0.0990997818570442	0.00165502902155779	0.76823262078103
amp30_14q13.3 	0.599825381826659	0.358662286267249	1.67239602487704	0.102451373120697	0.000279832069258523	0.76823262078103
del4_1q42.13 	0.921258234027301	0.572599014201248	1.60890642697389	0.115703061611873	-0.00472803972626745	0.76823262078103
amp7_4q28.1  	-0.914295914152001	0.568590546582198	-1.608004071907	0.115901053505633	-0.00479817252737824	0.76823262078103
amp4_3q21.3  	0.782241402473759	0.500244789189425	1.56371724279481	0.125963063183751	-0.00820361918722079	0.76823262078103
del59_19q13.2 	-0.805876034743325	0.519146404765715	-1.5523097672361	0.12866631565144	-0.00906905983471185	0.76823262078103
del61_20p11.21	1.36677231277939	0.902043080115793	1.51519627267019	0.137786421050199	-0.0118508993634747	0.76823262078103
del36_11q25   	0.893613844718992	0.598777094404389	1.49239817800292	0.143640768814201	-0.0135337669990738	0.76823262078103
amp20_9q33.2  	-1.16643301085187	0.806068954030277	-1.44706356077827	0.155869791437621	-0.0168204486861896	0.76823262078103
del62_20q13.33	0.801017505537309	0.571672522866585	1.40118244886198	0.169067203587924	-0.0200642977434347	0.76823262078103
del31_9q34.13 	-0.937998227918307	0.689552855561888	-1.36029924370913	0.181546410489906	-0.0228834477776054	0.76823262078103
amp19_9p22.3  	-0.561417066667201	0.41522501979488	-1.35207908941648	0.18413924411163	-0.0234420427556905	0.76823262078103
del45_16q11.2 	1.34050772316517	1.00221424630645	1.33754606672721	0.188792861465279	-0.0244228137003455	0.76823262078103
del21_6q27    	1.17389736074393	0.886808948830203	1.32373197439248	0.193299280938597	-0.0253469586204782	0.76823262078103
del22_7p22.1  	0.638841045742183	0.491662571578754	1.29934854241768	0.201453207419367	-0.0269587457597087	0.76823262078103
del18_6p22.1  	0.632549671693436	0.490617793761983	1.28929215315071	0.204891035077825	-0.0276162146118497	0.76823262078103
del7_2q14.3  	0.943303820483184	0.763189053376173	1.23600281779492	0.223850460599555	-0.0310283902374369	0.76823262078103
del35_11q14.3 	0.404944432894189	0.328113343123019	1.23416021134613	0.224528616178803	-0.0311441947854338	0.76823262078103
del29_9p21.3  	-1.43793667367402	1.17041163813277	-1.2285734581109	0.226594093684634	-0.0314944145125113	0.76823262078103
amp1_1q21.1  	0.611110632818071	0.503217075437255	1.21440758401743	0.231894399892599	-0.0323763682318257	0.76823262078103
amp38_19q12   	0.581211926629262	0.488684734583267	1.18933923140631	0.241497039677946	-0.0339156391437185	0.76823262078103
del57_19p13.12	-1.18332214902581	0.998213900610587	-1.18543946172458	0.243016654582283	-0.0341526177980125	0.76823262078103
del38_12q24.33	0.840389142225571	0.711293789750072	1.18149371516495	0.244561279552217	-0.0343917082517937	0.76823262078103
del24_7q22.1  	0.418753385576848	0.358901783098527	1.16676317950165	0.250391009939928	-0.0352782182536031	0.76823262078103
del64_21p11.2 	0.92760485364856	0.80435043369393	1.15323472803837	0.25583321528881	-0.036083902868514	0.76823262078103
amp39_19q13.12	-0.433823402626836	0.377415543050484	-1.14945823142426	0.257367554143099	-0.0363073557844618	0.76823262078103
amp6_3q29    	-0.244591265773929	0.216796880009343	-1.12820473137523	0.266126283848094	-0.037553006209228	0.76823262078103
del2_1p36.21 	0.71060224525035	0.661064250428758	1.07493673238185	0.289008610435265	-0.0405853200015625	0.76823262078103
del73_xq28    	-0.945385945797314	0.880420959643526	-1.07378855017274	0.289516568563892	-0.0406492568413945	0.76823262078103
del43_16p13.11	-0.746613330363498	0.700964166187505	-1.06512339200487	0.293370194484022	-0.0411298261738682	0.76823262078103
del44_16p11.2 	-1.36581768277131	1.30021859111809	-1.05045235632018	0.299976009115556	-0.0419355987908752	0.76823262078103
del33_10q26.3 	0.831348187798678	0.810122964424598	1.02620000210605	0.311120410659801	-0.0432457535257815	0.76823262078103
amp10_5p13.2  	0.490810457332129	0.487581567315086	1.00662225611773	0.320321287902273	-0.0442833882059011	0.76823262078103
del17_5q13.2  	0.570265444633205	0.583849878259121	0.976733002554661	0.334721351491216	-0.0458328240754433	0.76823262078103
del40_14q11.2 	-0.895990762352635	0.920598887347607	-0.973269438695639	0.336417639885356	-0.04600964501674	0.76823262078103
del20_6q25.1  	1.24064814902028	1.27605500663205	0.972252875128617	0.336916592947877	-0.0460614344339207	0.76823262078103
del50_17p11.2 	-1.55046217168133	1.59639528685481	-0.971226978962102	0.337420627555621	-0.0461136496279826	0.76823262078103
amp14_6q21    	-0.488890540685337	0.506704461874956	-0.964843567542898	0.340568176958023	-0.0464374247925941	0.76823262078103
del9_2q37.3  	0.772527665856268	0.802297550019845	0.96289421030534	0.341533253863158	-0.046535912987822	0.76823262078103
amp28_13q33.1 	0.521854544419767	0.542214558572752	0.962450262850599	0.341753294845538	-0.0465583174730184	0.76823262078103
del46_16q22.1 	0.752057694905861	0.794169559679012	0.946973710765027	0.349483073265948	-0.0473334971864088	0.76823262078103
amp44_21q22.3 	-0.584223679035675	0.635889982169856	-0.918749619300687	0.363874117932199	-0.048717663183097	0.76823262078103
amp31_15q25.3 	-0.427492966936711	0.467588822956067	-0.914249755231803	0.366203643602785	-0.0489348063550139	0.76823262078103
del63_20q13.33	0.559368532235497	0.621140288910828	0.900551038504284	0.373354641195569	-0.0495898260237444	0.76823262078103
amp16_7q36.1  	0.504152896597844	0.564281957508269	0.89344146111646	0.377101147250627	-0.0499261982892356	0.76823262078103
amp5_3q25.1  	-0.551386557838608	0.620838317714354	-0.888132291622342	0.379914550755838	-0.0501757890799488	0.76823262078103
del8_2q37.3  	0.773312955680542	0.884241242293549	0.874549748069565	0.387172944711895	-0.0508080813581073	0.76823262078103
amp34_16q13   	0.712626363680518	0.826289384275626	0.862441630307581	0.393716982168643	-0.0513641498064108	0.76823262078103
del68_22q13.2 	-0.739752830626817	0.858197451860002	-0.861984417482858	0.393965446554374	-0.0513850069729149	0.76823262078103
del15_5p15.33 	-0.26108987713942	0.321261283539324	-0.81270258981413	0.421322132189694	-0.053572890558214	0.796793400363808
amp42_21q11.2 	0.48432089822703	0.604039925975356	0.801802790510887	0.427525672427077	-0.054040579717046	0.796793400363808
del14_4q35.2  	0.912255203822003	1.14152886270739	0.799152113997704	0.429042600195897	-0.0541534226510705	0.796793400363808
amp35_16q24.1 	0.502846820005504	0.654918957855406	0.767800067434485	0.447229994075675	-0.0554615356438601	0.816599504144542
del12_3q29    	-0.357384943459702	0.483423245005129	-0.739279600541157	0.464163867892954	-0.0566087031118618	0.816599504144542
del13_4p16.1  	0.537203929959222	0.728066242505316	0.737850347395141	0.465022132241837	-0.0566651132027127	0.816599504144542
amp13_6p22.2  	-0.316456233383488	0.431418746006994	-0.733524531125399	0.467625357074225	-0.056835216776818	0.816599504144542
del49_17p11.2 	-0.479842285698937	0.684137029904186	-0.70138329709494	0.487228239921419	-0.0580694163059858	0.838319177511853
amp32_15q26.3 	0.393829218734454	0.576838883909959	0.682736947386384	0.498808758573301	-0.0587613385105528	0.844068823514694
del58_19p12   	0.315923084432017	0.469516593468554	0.672868837495467	0.504998441419048	-0.0591203333099604	0.844068823514694
amp21_10q21.2 	-0.450043978052906	0.689686305508574	-0.65253431082852	0.517884571768005	-0.0598443471123808	0.845807060214324
amp36_17q21.2 	0.377487439033416	0.582141824196808	0.648445831141308	0.520496652439584	-0.0599873525889505	0.845807060214324
del19_6p21.33 	0.424846827569354	0.66755995130954	0.636417488400765	0.528222125079566	-0.0604030829832212	0.845817386624666
del26_8p23.1  	-0.421283121797709	0.675414021687924	-0.623740562484744	0.536429378828884	-0.0608331483010383	0.845817386624666
del72_xp11.22 	-0.765840084460503	1.24546635205658	-0.614902267890185	0.542190632451709	-0.0611280700751657	0.845817386624666
amp8_4q31.21 	-0.485417529169448	0.829047584423608	-0.585512265266332	0.561576342951155	-0.0620796234104126	0.861774393980929
amp40_19q13.33	0.364908938895267	0.632252867263993	0.577156637461165	0.567150669543005	-0.0623419449397848	0.861774393980929
amp9_5p15.33 	-0.19164296987541	0.35303468808151	-0.542844588209877	0.590325916317547	-0.0633808975169121	0.88548887447632
del51_17q11.2 	-0.389651774624715	0.776065550087487	-0.502086163444298	0.618429994673077	-0.0645346986580626	0.915902650338607
del37_12p13.31	0.2250015291334	0.470489509964482	0.478228577615654	0.635157493612178	-0.065169368562999	0.92891783440781
amp41_20q13.2 	0.233405315782848	0.523110792586804	0.446187154022667	0.657929613878306	-0.0659742314324445	0.930488133894861
del11_3q21.3  	0.294866807211928	0.669948063572738	0.440133830135198	0.6622699190925	-0.0661201515559211	0.930488133894861
amp26_12q13.11	-0.441988200691047	1.03186939058203	-0.428337350371196	0.670761972441286	-0.0663988991099713	0.930488133894861
amp37_17q23.3 	0.248599099835122	0.594851456680808	0.417917947486036	0.678299252204575	-0.0666389253570239	0.930488133894861
del30_9q34.13 	-0.234972679103472	0.57292124024573	-0.410130856734672	0.683954314879208	-0.0668145214724161	0.930488133894861
amp18_8q24.13 	0.10550293202641	0.269539113623588	0.391419748355133	0.697617481296172	-0.0672231719511032	0.930488133894861
del70_22q13.33	-0.376049226848663	0.991737132312632	-0.379182360523049	0.706609185203672	-0.067480277476349	0.930488133894861
del66_21q22.3 	-0.458661096593207	1.23745766980874	-0.370647908032359	0.712905437002137	-0.0676548222080744	0.930488133894861
del60_19q13.42	0.266474922033798	0.731055700919963	0.364507002268726	0.717448497499832	-0.0677779909520158	0.930488133894861
del42_15q11.2 	0.237515414404281	0.744954743511956	0.318832004860533	0.751555275977572	-0.0686303068354932	0.930488133894861
amp43_21q22.11	-0.167104260235491	0.525277840460721	-0.31812547068219	0.75208705256452	-0.0686426061518697	0.930488133894861
amp17_8p23.1  	0.0952519860933566	0.312717159099177	0.304594689871648	0.762294376584771	-0.068872936804367	0.930488133894861
amp3_2q31.2  	0.214117821289954	0.703233951547468	0.304475944056437	0.762384149280871	-0.0688749143036116	0.930488133894861
del71_xp11.23 	-0.334265451138814	1.09844735050743	-0.304307212343313	0.762511717389886	-0.0688777229149242	0.930488133894861
amp2_2q24.2  	-0.263635332829219	0.868310407529253	-0.303618764146089	0.763032281944664	-0.0688891664460625	0.930488133894861
amp27_12q14.3 	-0.101904959455412	0.347853720824019	-0.292953484050748	0.771110830998874	-0.0690631662426273	0.930488133894861
del25_7q35    	-0.146079684263807	0.523145526353573	-0.279233362238633	0.78154123685625	-0.0692779330663722	0.930488133894861
del56_19p13.2 	-0.211752073224604	0.85426121385111	-0.247877428813608	0.805529729109936	-0.0697303761564663	0.930488133894861
del52_17q25.1 	0.153067802300627	0.624155119984758	0.245240001082367	0.807556516981958	-0.0697659943119102	0.930488133894861
del34_11p15.5 	0.205385251521126	0.87697958611514	0.234196160062226	0.816057822068876	-0.0699110266244354	0.930488133894861
del16_5p14.3  	-0.0844935100550933	0.369865458363662	-0.22844390614064	0.820494774904344	-0.0699839360367658	0.930488133894861
del41_15q11.1 	0.136488473148082	0.651817293701746	0.209396827096974	0.835228450830306	-0.0702124797090729	0.930488133894861
del54_18p11.21	0.161826428201139	0.790023407958617	0.204837510598947	0.838764409048518	-0.0702642504349413	0.930488133894861
del47_16q23.1 	-0.117461217464233	0.598803312728128	-0.19615993259804	0.845503559304918	-0.0703596482138453	0.930488133894861
del39_13q11   	-0.157820901898541	0.817962125126716	-0.192944021551232	0.848004103222778	-0.0703939581915134	0.930488133894861
del69_22q13.33	-0.166940449939241	0.89368440506005	-0.186800227232368	0.852785633765731	-0.0704579344023584	0.930488133894861
del48_16q24.3 	-0.166167094299893	0.907691513806969	-0.183065602985499	0.855694940623421	-0.0704958155466766	0.930488133894861
amp25_12p12.1 	-0.0656787745518928	0.367046009112152	-0.178938805821001	0.858912123595256	-0.0705367879028787	0.930488133894861
del55_18q23   	0.136290958725679	0.816173635438822	0.166987700665436	0.868242553965231	-0.0706501893219391	0.931966778109468
del6_2p11.2  	-0.13952715566174	0.910073740885702	-0.153314121035895	0.878941103198742	-0.0707703501615897	0.934873718856844
del10_3p21.1  	-0.0830042701145225	0.808692856257614	-0.102640043710342	0.918774614279171	-0.0711263603944834	0.967600684520413
del23_7p11.2  	0.0542761250595485	0.737837006364459	0.0735611315119351	0.941735600889062	-0.0712670632149495	0.967600684520413
del65_21q22.3 	0.0590644589442644	0.83274106405898	0.0709277607331744	0.943817721969104	-0.0712775133908683	0.967600684520413
del32_10q11.22	-0.0617098399726497	0.89478860838262	-0.0689658310292905	0.945369216401051	-0.0712850515566379	0.967600684520413
amp33_16p13.13	-0.0503600391084185	0.815266855705272	-0.061771233254482	0.951060501879039	-0.0713108862432128	0.967600684520413
amp11_5q22.3  	-0.0227381989527943	0.682699798388971	-0.0333062921747621	0.973600216307412	-0.0713852269553912	0.981993321620407
del28_8q24.3  	-0.0071026669670494	0.353518591950483	-0.0200913534076427	0.98407293861226	-0.0714046118665603	0.98407293861226
