estimate	p_values	FDR
del9_2q37.3  	91	0.0301666752708816	0.966209317675891
amp37_17q23.3 	254	0.0479772939086211	0.966209317675891
amp39_19q13.12	247	0.0733934140083131	0.966209317675891
del34_11p15.5 	109	0.0920589899661565	0.966209317675891
del69_22q13.33	111	0.102665237636125	0.966209317675891
del58_19p12   	239	0.114177802148635	0.966209317675891
amp41_20q13.2 	236	0.133236200716203	0.966209317675891
amp34_16q13   	234	0.147191594206885	0.966209317675891
amp1_1q21.1  	233	0.154557886533726	0.966209317675891
del56_19p13.2 	229	0.186712756024396	0.966209317675891
del70_22q13.33	123	0.186712756024396	0.966209317675891
amp33_16p13.13	227	0.204455481758632	0.966209317675891
del16_5p14.3  	226	0.209231705862977	0.966209317675891
amp32_15q26.3 	126	0.213754720607852	0.966209317675891
del46_16q22.1 	226	0.213754720607852	0.966209317675891
del37_12p13.31	127	0.218638706746108	0.966209317675891
del14_4q35.2  	128	0.233221539665464	0.966209317675891
amp29_14q11.2 	223	0.243393611340501	0.966209317675891
del7_2q14.3  	129	0.243393611340501	0.966209317675891
amp16_7q36.1  	222	0.248504293342134	0.966209317675891
amp35_16q24.1 	130	0.253861171025017	0.966209317675891
amp23_11q13.1 	221	0.264624907056207	0.966209317675891
del25_7q35    	220	0.269881382292635	0.966209317675891
del2_1p36.21 	133	0.28104637662776	0.966209317675891
amp20_9q33.2  	219	0.287046917156293	0.966209317675891
amp38_19q12   	218	0.298706549295873	0.966209317675891
del41_15q11.1 	217	0.304140525939323	0.966209317675891
amp18_8q24.13 	216.5	0.310345826860874	0.966209317675891
amp10_5p13.2  	217	0.310665020770043	0.966209317675891
amp12_5q31.3  	135	0.310665020770043	0.966209317675891
del5_2p23.3  	135	0.310665020770043	0.966209317675891
del27_8q21.2  	216	0.316401746867044	0.966209317675891
amp25_12p12.1 	216	0.316432737525915	0.966209317675891
del18_6p22.1  	215	0.328829691088844	0.966209317675891
amp17_8p23.1  	214	0.34155838106746	0.966209317675891
del47_16q23.1 	138	0.348333088495248	0.966209317675891
del66_21q22.3 	138	0.348333088495248	0.966209317675891
del64_21p11.2 	139	0.353733114117084	0.966209317675891
amp8_4q31.21 	213	0.361482954717977	0.966209317675891
del55_18q23   	213	0.361482954717977	0.966209317675891
amp4_3q21.3  	140	0.374927849172829	0.966209317675891
del62_20q13.33	140	0.374927849172829	0.966209317675891
amp6_3q29    	143.5	0.416933217917762	0.966209317675891
del3_1p11.2  	208	0.424250038235049	0.966209317675891
amp24_11q14.2 	208	0.431604829602326	0.966209317675891
amp5_3q25.1  	206	0.461638164124968	0.966209317675891
del1_1p36.33 	146	0.461638164124968	0.966209317675891
del11_3q21.3  	146	0.461638164124968	0.966209317675891
del43_16p13.11	146	0.461638164124968	0.966209317675891
del72_xp11.22 	146	0.461638164124968	0.966209317675891
del40_14q11.2 	205	0.469604820604532	0.966209317675891
amp43_21q22.11	205	0.477064504968951	0.966209317675891
del4_1q42.13 	204	0.492758308665149	0.966209317675891
del28_8q24.3  	148	0.492758308665149	0.966209317675891
del53_18p11.21	203	0.501517470495946	0.966209317675891
del38_12q24.33	149	0.508713374863454	0.966209317675891
del63_20q13.33	149	0.508713374863454	0.966209317675891
del19_6p21.33 	149.5	0.5096242903884	0.966209317675891
amp13_6p22.2  	202	0.524925089844282	0.966209317675891
del54_18p11.21	150	0.524925089844282	0.966209317675891
amp15_7q31.2  	201	0.534350155318374	0.966209317675891
amp11_5q22.3  	201	0.541386474559462	0.966209317675891
del29_9p21.3  	151	0.541386474559462	0.966209317675891
del65_21q22.3 	151	0.541386474559462	0.966209317675891
amp27_12q14.3 	199	0.568233958090885	0.966209317675891
del60_19q13.42	153.5	0.576186081894465	0.966209317675891
del44_16p11.2 	154	0.585552739978665	0.966209317675891
amp42_21q11.2 	198	0.592207188432905	0.966209317675891
amp3_2q31.2  	155	0.609601953070419	0.966209317675891
amp9_5p15.33 	197	0.609601953070419	0.966209317675891
del68_22q13.2 	155	0.609601953070419	0.966209317675891
amp26_12q13.11	156	0.62090571847978	0.966209317675891
del61_20p11.21	156	0.62721196260947	0.966209317675891
del21_6q27    	157	0.645028037448998	0.966209317675891
del59_19q13.2 	158	0.657156614612771	0.966209317675891
del8_2q37.3  	158	0.663042757367184	0.966209317675891
del15_5p15.33 	194	0.663042757367184	0.966209317675891
del20_6q25.1  	194	0.663042757367184	0.966209317675891
del50_17p11.2 	158.5	0.6662910167149	0.966209317675891
del42_15q11.2 	158.5	0.66635125356958	0.966209317675891
del52_17q25.1 	159	0.681246294290861	0.974102138062886
del45_16q11.2 	160	0.699630616733517	0.974102138062886
amp2_2q24.2  	161	0.718185285357294	0.974102138062886
del32_10q11.22	190	0.731950896397153	0.974102138062886
amp21_10q21.2 	190	0.736901707906768	0.974102138062886
del51_17q11.2 	190	0.736901707906768	0.974102138062886
del73_xq28    	162	0.736901707906768	0.974102138062886
del17_5q13.2  	189.5	0.741175492416596	0.974102138062886
del71_xp11.23 	163	0.751123069868912	0.974102138062886
amp19_9p22.3  	189	0.755768900221204	0.974102138062886
del31_9q34.13 	165	0.789038785782128	0.984369725498776
del24_7q22.1  	165	0.790004037134053	0.984369725498776
del48_16q24.3 	187	0.793916826675166	0.984369725498776
del12_3q29    	186.5	0.799748273177478	0.984369725498776
del39_13q11   	166.5	0.819127578043006	0.984369725498776
amp7_4q28.1  	184	0.852012310605117	0.984369725498776
del26_8p23.1  	169	0.869004900929758	0.984369725498776
amp14_6q21    	169	0.871566192358487	0.984369725498776
del33_10q26.3 	183	0.871566192358487	0.984369725498776
del49_17p11.2 	182.5	0.876490527715262	0.984369725498776
del10_3p21.1  	182	0.891196429044826	0.984369725498776
del23_7p11.2  	182	0.891196429044826	0.984369725498776
del67_22q11.21	182	0.891196429044826	0.984369725498776
amp22_10q25.1 	181	0.910890484422617	0.984369725498776
amp44_21q22.3 	181	0.910890484422617	0.984369725498776
amp31_15q25.3 	180	0.930637903207963	0.984369725498776
del36_11q25   	172	0.930637903207963	0.984369725498776
del13_4p16.1  	179	0.936823564242054	0.984369725498776
del30_9q34.13 	179	0.949433475308746	0.984369725498776
amp36_17q21.2 	173	0.950425941860887	0.984369725498776
del35_11q14.3 	179	0.950425941860887	0.984369725498776
del57_19p13.12	173	0.950425941860887	0.984369725498776
amp30_14q13.3 	178	0.969650957448596	0.987265809946563
del6_2p11.2  	178	0.97024398563714	0.987265809946563
del22_7p22.1  	177	0.989881483084264	0.990079176716822
amp28_13q33.1 	177	0.990079176716822	0.990079176716822
