estimate	std_error	t_value	p_values	r_sq	FDR
amp6_3q29    	-0.707900504240352	0.187542865363898	-3.77460642326639	0.000457670946542241	0.187785249242844	0.0535475007454423
amp16_7q36.1  	1.3686865448134	0.481615273500328	2.84186698413016	0.00666429137857096	0.0950912639108398	0.389861045646401
amp22_10q25.1 	-1.2391102065191	0.575326873306051	-2.15374991854403	0.0365342482567686	0.0336621552534105	0.932879809874141
amp26_12q13.11	-1.88699261998531	0.899905739775657	-2.09687808020397	0.0415310951454928	0.0290268797682394	0.932879809874141
del7_2q14.3  	1.26541868836751	0.662115414919279	1.9111753930722	0.0622247870028289	0.0144717197949361	0.932879809874141
del27_8q21.2  	0.707699225141203	0.373507413345728	1.89473943449186	0.064422675402906	0.0132285548442399	0.932879809874141
amp27_12q14.3 	-0.61069170216246	0.327449341664074	-1.86499596871677	0.0685684783293581	0.0109983156269583	0.932879809874141
amp39_19q13.12	-0.64533094878501	0.36071239991791	-1.78904564670322	0.0801931710244377	0.00541966714781461	0.932879809874141
del17_5q13.2  	0.907954974075973	0.507660206056618	1.78850924938306	0.0802808211992333	0.00538087368309492	0.932879809874141
amp30_14q13.3 	-0.51595477119815	0.290794682078232	-1.77429232030916	0.0826333995535435	0.00435581816489172	0.932879809874141
del53_18p11.21	-1.01666934444762	0.586307710311067	-1.73402008291554	0.0896126135878488	0.00148535746798062	0.932879809874141
amp11_5q22.3  	0.993252412005037	0.585615415743045	1.69608310386565	0.096628860096635	-0.00117305588852545	0.932879809874141
del23_7p11.2  	1.10796544155566	0.692881647976237	1.59906882335792	0.116652294251459	-0.00776431261856514	0.932879809874141
del6_2p11.2  	-1.14644606642144	0.736040761729463	-1.5575850225029	0.126185789149724	-0.0104894301686693	0.932879809874141
amp28_13q33.1 	-0.754025444548662	0.50268590640346	-1.49999320638099	0.140448939530336	-0.0141772779948497	0.932879809874141
del5_2p23.3  	-0.899488458616021	0.609289776880385	-1.47629008847231	0.146679366445122	-0.0156622967558666	0.932879809874141
del37_12p13.31	-0.602552027315213	0.418015361938501	-1.44145905193757	0.156228521941082	-0.0178092325421075	0.932879809874141
del18_6p22.1  	-0.574394303504284	0.421355787061353	-1.36320497105371	0.179453446328102	-0.0224768655737622	0.932879809874141
del68_22q13.2 	1.06479876471566	0.793710097535978	1.3415461993255	0.186328904875861	-0.0237299751280824	0.932879809874141
del50_17p11.2 	1.935088941126	1.49268665929944	1.29637987254083	0.201310826078861	-0.0262880961905285	0.932879809874141
del16_5p14.3  	0.445327056442004	0.346973889146117	1.28345985208838	0.205759194535934	-0.0270060346247845	0.932879809874141
del25_7q35    	0.602251572390198	0.487405087484705	1.23562840818541	0.222869996530533	-0.0296097379737681	0.932879809874141
del41_15q11.1 	-0.760531614840152	0.618913967391611	-1.22881637014169	0.225390109611835	-0.0299735557050942	0.932879809874141
amp7_4q28.1  	0.621732805311883	0.50736688324681	1.22541069557636	0.226657891877021	-0.0301547879360304	0.932879809874141
del15_5p15.33 	0.37571829896929	0.309394651848458	1.21436584868092	0.230805534449276	-0.0307395109004607	0.932879809874141
del58_19p12   	0.527449983695699	0.450513325587645	1.17077554367054	0.247718495602798	-0.0330017735114998	0.932879809874141
amp2_2q24.2  	0.933977964181356	0.807045650216891	1.15728021572305	0.25313208006449	-0.0336873502584096	0.932879809874141
amp19_9p22.3  	0.439981528205911	0.388286626255041	1.1331359322093	0.263028745325504	-0.0348962874523144	0.932879809874141
del61_20p11.21	-0.923730966548588	0.818972474904984	-1.12791454518146	0.265204788102974	-0.0351547438215201	0.932879809874141
del48_16q24.3 	-0.924454109398121	0.819921247699207	-1.12749134382387	0.265381719274014	-0.0351756454476089	0.932879809874141
del39_13q11   	-0.801782776000951	0.729592473119665	-1.09894606309822	0.277510185260873	-0.0365692712354659	0.932879809874141
del69_22q13.33	0.838952168009793	0.775942810622536	1.08120361001438	0.285242422336067	-0.0374193156639335	0.932879809874141
del43_16p13.11	-0.728778169732777	0.676556914963409	-1.07718678741491	0.287013667089082	-0.0376100329832691	0.932879809874141
del57_19p13.12	0.956668549401746	0.938143447147425	1.01974655614837	0.313182111860714	-0.0402668933755286	0.932879809874141
amp23_11q13.1 	-0.287417799818226	0.282813798627	-1.01627926647701	0.314812117712649	-0.0404230344390493	0.932879809874141
amp42_21q11.2 	0.575910581729274	0.575859272724263	1.00008909990243	0.322499397111579	-0.0411456904951468	0.932879809874141
amp32_15q26.3 	-0.537200844238453	0.542180803402495	-0.990814947462564	0.32695939318125	-0.0415548637193592	0.932879809874141
del73_xq28    	0.747325360218265	0.754345424718678	0.990693832996957	0.327017910293973	-0.0415601841591025	0.932879809874141
amp1_1q21.1  	0.416450272019921	0.43065327337585	0.96701986903619	0.338591008586023	-0.0425886894520462	0.932879809874141
del4_1q42.13 	0.532493072544754	0.553274420666662	0.962439347734768	0.340861202420158	-0.0427850468661226	0.932879809874141
amp21_10q21.2 	0.639153767179908	0.670188445631484	0.953692608916386	0.345224159061135	-0.0431576146422648	0.932879809874141
del21_6q27    	0.781598182107944	0.825173294769137	0.947192774005871	0.348490055412715	-0.0434324429826705	0.932879809874141
del2_1p36.21 	-0.563446747892351	0.604058708636895	-0.932768189310293	0.355809997429003	-0.0440361427498528	0.932879809874141
amp10_5p13.2  	-0.324413181041408	0.357878779879805	-0.906489010469868	0.369401171205082	-0.0451139035997397	0.932879809874141
del52_17q25.1 	-0.529869538422732	0.590748387708209	-0.896946228627632	0.374418019574421	-0.0454981868417323	0.932879809874141
del72_xp11.22 	-1.05231270082011	1.18481316009858	-0.888167633732687	0.37907136277984	-0.0458483511848666	0.932879809874141
amp40_19q13.33	-0.474862329429953	0.561547560964851	-0.845631541189573	0.402135697459105	-0.047499430304619	0.932879809874141
del29_9p21.3  	0.550973898450565	0.658378342862254	0.836865161838775	0.406995065919235	-0.0478302628332037	0.932879809874141
del66_21q22.3 	-0.918898650599038	1.12064581247084	-0.819972412668921	0.416460499815358	-0.0484586271189336	0.932879809874141
amp12_5q31.3  	0.231092456773806	0.282347967214951	0.818466869279337	0.417310558361711	-0.0485140435007436	0.932879809874141
del70_22q13.33	-0.692325487819825	0.87800054628717	-0.788525121934702	0.434434689144921	-0.0495961657597364	0.932879809874141
del19_6p21.33 	-0.453908148400402	0.600195984098135	-0.756266553636563	0.453345217026413	-0.0507192515275643	0.932879809874141
del45_16q11.2 	-0.638337792052506	0.861038266073225	-0.741358215081024	0.46224447763947	-0.0512232194388844	0.932879809874141
amp41_20q13.2 	-0.350035229681322	0.484473695341546	-0.722506160906328	0.473640742146405	-0.0518468048522727	0.932879809874141
amp31_15q25.3 	0.285964543881929	0.402079054507885	0.711214724258463	0.480542263348219	-0.0522129547692429	0.932879809874141
del71_xp11.23 	-0.689741496357238	1.02081328434703	-0.675678409493305	0.502627678285388	-0.0533292322333212	0.932879809874141
del47_16q23.1 	0.345964151996831	0.517545534041997	0.668470944565734	0.507173753051908	-0.0535489362034576	0.932879809874141
del8_2q37.3  	0.517718804858187	0.782490513805216	0.661629496746924	0.511509520211353	-0.0537553867165588	0.932879809874141
amp14_6q21    	-0.297327522623855	0.459394280834689	-0.647216421770926	0.520708822784641	-0.0541836296782452	0.932879809874141
del14_4q35.2  	0.684766410626714	1.08316228410911	0.6321918891313	0.530391311068086	-0.0546203581913109	0.932879809874141
amp13_6p22.2  	-0.244534086702347	0.38803500954939	-0.630185629349049	0.531691347959717	-0.0546779262276349	0.932879809874141
del12_3q29    	-0.277068958694539	0.445727356086765	-0.621610845533574	0.537266464379813	-0.0549219803182388	0.932879809874141
del38_12q24.33	-0.372559215804064	0.62757921645829	-0.593644923276112	0.555657710496576	-0.0556954527144664	0.932879809874141
del44_16p11.2 	-0.674609255042198	1.16198648727743	-0.580565490587442	0.564366860813721	-0.0560453536030829	0.932879809874141
del33_10q26.3 	-0.43310727473305	0.752608046203865	-0.575475211722265	0.567774561267129	-0.0561794830046307	0.932879809874141
del40_14q11.2 	0.506828403688979	0.880984118656842	0.575298002490323	0.567893377460542	-0.0561841318215439	0.932879809874141
amp8_4q31.21 	-0.434670914919717	0.755962452314425	-0.574990085273344	0.56809986066864	-0.0561922062572642	0.932879809874141
del11_3q21.3  	0.359907367753952	0.630835220087398	0.570525164565304	0.571098109938781	-0.0563088167092323	0.932879809874141
del22_7p22.1  	-0.219894390356237	0.39273312976318	-0.559907921414305	0.578258806694296	-0.0565825577757055	0.932879809874141
del10_3p21.1  	0.413456583827591	0.742373698441749	0.556938620933691	0.580269199617208	-0.0566582192178127	0.932879809874141
del59_19q13.2 	0.275893332714734	0.505700968155289	0.545566154878339	0.588000164281403	-0.0569443804437919	0.932879809874141
del35_11q14.3 	0.170347284700585	0.323493085122337	0.526587097329032	0.601010495753377	-0.0574091264731997	0.932879809874141
amp25_12p12.1 	-0.176483580602777	0.34791710372829	-0.50725755851487	0.614397488595621	-0.057865940528703	0.932879809874141
amp3_2q31.2  	0.244671657344587	0.488245879428512	0.50112385511778	0.618673677181355	-0.0580074077868047	0.932879809874141
amp35_16q24.1 	-0.280996268087658	0.566384922628647	-0.496122436987777	0.622170385560525	-0.0581215138802211	0.932879809874141
del30_9q34.13 	0.26777450577114	0.546654953799309	0.489841908337388	0.626573872358494	-0.0582632157713003	0.932879809874141
del56_19p13.2 	0.381231310608593	0.79252219007209	0.481035503338922	0.632771531408356	-0.0584589288066026	0.932879809874141
del20_6q25.1  	-0.506215939937494	1.05998831697801	-0.477567471102606	0.635219580278372	-0.0585350472923392	0.932879809874141
amp37_17q23.3 	-0.256247463583425	0.550407729918347	-0.465559347470355	0.643727722458737	-0.0587944360367265	0.932879809874141
amp24_11q14.2 	0.181362016448649	0.424210947625534	0.427527902011487	0.670989657905395	-0.0595731326724731	0.932879809874141
amp20_9q33.2  	0.31894431487698	0.779988786705392	0.408908846272233	0.684504153564238	-0.0599305602832845	0.932879809874141
del1_1p36.33 	0.351644216733171	0.869223627701955	0.404549767777074	0.687683492863312	-0.0600119758269828	0.932879809874141
del36_11q25   	-0.226804173227466	0.562102934302602	-0.403492242055025	0.688455673369134	-0.0600315978351498	0.932879809874141
amp38_19q12   	0.192299889525786	0.487339581956441	0.394591157060937	0.694968263230951	-0.0601947469319475	0.932879809874141
del51_17q11.2 	0.270614053961317	0.702592483296736	0.385165028654349	0.701890437437625	-0.0603636049279486	0.932879809874141
amp4_3q21.3  	0.188441610378084	0.489461005515304	0.38499820875351	0.702013175827186	-0.0603665570238892	0.932879809874141
del9_2q37.3  	-0.280662085150061	0.771065049498487	-0.363992746568669	0.717531197063748	-0.060728181597056	0.932879809874141
del54_18p11.21	-0.260632333314852	0.73823377825936	-0.353048507112994	0.725664841185988	-0.0609086498510858	0.932879809874141
del31_9q34.13 	0.229090103143281	0.652902914822782	0.35087927767249	0.727280827339962	-0.0609437729596105	0.932879809874141
del67_22q11.21	-0.375674486001145	1.14944182342957	-0.326832100888979	0.745277443611035	-0.0613187771141059	0.932879809874141
del32_10q11.22	-0.266740517276621	0.818794571117821	-0.325772210375633	0.746074052741133	-0.0613346991333394	0.932879809874141
amp17_8p23.1  	0.0855398358464321	0.263426604219886	0.324719806109754	0.746865312715064	-0.06135045799108	0.932879809874141
del49_17p11.2 	0.180580514637818	0.629176325835355	0.287010981219075	0.775392822175978	-0.0618817426702649	0.932879809874141
amp34_16q13   	0.21938300431012	0.791680090002342	0.277110675234325	0.78293663196072	-0.0620104535696082	0.932879809874141
amp5_3q25.1  	0.161975995525424	0.605534270789922	0.267492697505173	0.79028556495701	-0.0621311960350941	0.932879809874141
del65_21q22.3 	0.19946915508891	0.771158389095371	0.258661719705731	0.797050187405379	-0.0622383260425063	0.932879809874141
del64_21p11.2 	-0.17819217756371	0.697708899643985	-0.255396165441827	0.799555660474355	-0.0622770355530009	0.932879809874141
amp43_21q22.11	-0.126280325739904	0.50028123763141	-0.252418672220811	0.801841980401995	-0.0623119041921638	0.932879809874141
del13_4p16.1  	0.154397633982396	0.614791477702104	0.251138214471492	0.802825742592747	-0.0623267742602709	0.932879809874141
amp18_8q24.13 	-0.0637847005825769	0.261471497876627	-0.243945137808761	0.808358064284367	-0.062408909935739	0.932879809874141
amp33_16p13.13	-0.130796526934168	0.622342848021171	-0.21016796023294	0.834464733993198	-0.0627628293900888	0.932879809874141
del55_18q23   	-0.154049990278903	0.755293769144421	-0.203960361613213	0.839284152280057	-0.0628221689759378	0.932879809874141
amp36_17q21.2 	0.10062522461732	0.514576403109258	0.195549628800128	0.845823936078179	-0.0628997406878842	0.932879809874141
amp44_21q22.3 	0.109901489464538	0.567900194572673	0.193522542367213	0.847401762291566	-0.0629179495776682	0.932879809874141
amp15_7q31.2  	-0.067829143566922	0.369470630072979	-0.183584669648909	0.855146143538338	-0.0630044826442928	0.932879809874141
del63_20q13.33	0.106250792994189	0.593659107429471	0.178976102049967	0.858742452446673	-0.0630430679299672	0.932879809874141
amp9_5p15.33 	0.0576697332781505	0.330778915497684	0.17434525169593	0.862359201620493	-0.0630808544397059	0.932879809874141
del62_20q13.33	-0.0931188350976565	0.563489206643161	-0.165253981797429	0.869468195700106	-0.0631521630488827	0.932879809874141
del60_19q13.42	0.115450535316044	0.699331518157939	0.165086989958846	0.869598880221181	-0.0631534372502083	0.932879809874141
del34_11p15.5 	-0.122684374623795	0.788701498481526	-0.155552353913359	0.877066487915859	-0.0632240577298839	0.932879809874141
del26_8p23.1  	-0.0874028687705279	0.647778646873643	-0.134927060643876	0.893258218327155	-0.0633624814799385	0.941542446344839
del24_7q22.1  	0.0418439376098203	0.346642443952978	0.120712100724447	0.904444808358885	-0.0634464582130261	0.94396150410782
del46_16q22.1 	-0.0712664384729186	0.639047065324452	-0.111519858770865	0.911689315933194	-0.0634957964731235	0.94396150410782
del3_1p11.2  	-0.0687013900212784	0.781741977161624	-0.0878824369528188	0.930351593273917	-0.0636047484950433	0.952660568898004
amp29_14q11.2 	-0.020816188774454	0.259347720552748	-0.0802636272649261	0.936375772848465	-0.0636343651120574	0.952660568898004
del42_15q11.2 	-0.0173706160045517	0.690253705752235	-0.0251655526943116	0.980031769111352	-0.0637686805092801	0.98848031884507
del28_8q24.3  	0.00203144079540087	0.336371416665867	0.00603927888860661	0.995207497597967	-0.0637824824842452	0.995207497597967
