estimate	std_error	t_value	p_values	r_sq	FDR
amp37_17q23.3 	0.620687290289385	0.217753132779679	2.85041727008076	0.00651427380181769	0.162428111321898	0.72906043488783
amp30_14q13.3 	0.312516027473993	0.120156327787987	2.60091193886534	0.0124625715365441	0.140837720389111	0.72906043488783
del39_13q11   	-0.696115924100014	0.299328763444518	-2.32558981666004	0.0245043065392365	0.118169306426092	0.955667955030222
del42_15q11.2 	-0.61719795931859	0.281162466043329	-2.19516483833754	0.0332360770267444	0.107937956098074	0.964245303038599
del59_19q13.2 	-0.383164360850052	0.209730948152311	-1.82693285957869	0.0742022916063634	0.0811591986172191	0.964245303038599
del54_18p11.21	-0.528662878224956	0.30674135500833	-1.72348093790809	0.0915179407598976	0.0742675317718733	0.964245303038599
del48_16q24.3 	-0.590602166619551	0.345033862612919	-1.71172232819979	0.0936832947766825	0.0735033111458011	0.964245303038599
del52_17q25.1 	0.417672622441952	0.247576880771465	1.68704210643764	0.0983663109647381	0.0719122605092254	0.964245303038599
amp38_19q12   	-0.330016674449577	0.203255836538038	-1.6236516504057	0.111284146683057	0.067907542998523	0.964245303038599
del26_8p23.1  	-0.415639369560697	0.27053612647212	-1.53635440479159	0.131302003773294	0.0625906526844364	0.964245303038599
amp17_8p23.1  	-0.167694102733281	0.11017039679887	-1.52213396344054	0.134820838987473	0.0617468319361202	0.964245303038599
amp6_3q29    	-0.132691409695512	0.0897835930928914	-1.47790264484323	0.146248691033954	0.059162954785473	0.964245303038599
del57_19p13.12	-0.574180123513268	0.397243888911563	-1.44540958222543	0.155121550437737	0.0573045828960244	0.964245303038599
del55_18q23   	-0.449465675726774	0.316652040090699	-1.41943085412629	0.162514828143165	0.0558433658185977	0.964245303038599
del9_2q37.3  	0.436361932419994	0.324272471218041	1.34566443701163	0.185006334416919	0.0518153912953956	0.964245303038599
del63_20q13.33	0.325264154866901	0.24968964971459	1.30267376016065	0.199170254949686	0.049552050567048	0.964245303038599
del44_16p11.2 	-0.638093252616679	0.490360202696794	-1.30127455104923	0.199644639291747	0.0494794423440946	0.964245303038599
amp40_19q13.33	-0.309551079212628	0.237940742801632	-1.30095869907701	0.199751842790364	0.0494630613105592	0.964245303038599
amp29_14q11.2 	-0.141578976485497	0.109063350579825	-1.29813521896041	0.20071209163739	0.0493167787659984	0.964245303038599
del4_1q42.13 	0.304423110866449	0.235000007290502	1.29541745286045	0.201639670230584	0.0491762309891816	0.964245303038599
del2_1p36.21 	-0.324306371904757	0.256635195284363	-1.26368626698069	0.212709473913892	0.0475540641246659	0.964245303038599
del43_16p13.11	-0.3534707707057	0.288619172889642	-1.22469608365503	0.226924575925141	0.0456086135331963	0.964245303038599
amp43_21q22.11	0.255494167874887	0.210998809069963	1.21087966799931	0.232126189682446	0.044932002917303	0.964245303038599
del37_12p13.31	-0.217195477067422	0.180139115179939	-1.20570969192598	0.234094897108542	0.0446805508118687	0.964245303038599
del31_9q34.13 	-0.330172510822666	0.275637208756651	-1.19785174255687	0.237110531708446	0.044300172670272	0.964245303038599
del70_22q13.33	-0.438341688755738	0.372873248613731	-1.17557827059304	0.24581224154398	0.0432338893567671	0.964245303038599
amp18_8q24.13 	0.125319641041292	0.110482510541404	1.13429392966526	0.262547872701651	0.041304407076023	0.964245303038599
del10_3p21.1  	-0.344545477789565	0.314832270880731	-1.09437789469838	0.279486779192972	0.0394974253808229	0.964245303038599
amp22_10q25.1 	-0.277733685776455	0.255172570762596	-1.08841512607109	0.282081643891184	0.0392324787917298	0.964245303038599
amp5_3q25.1  	0.276652770112247	0.256224203925383	1.07972926005387	0.285891658029844	0.0388488666948236	0.964245303038599
del25_7q35    	0.22597465488597	0.20947579680292	1.07876259851907	0.286317890578176	0.0388063452119054	0.964245303038599
amp11_5q22.3  	-0.272248973482155	0.255305705147049	-1.06636462873145	0.291823878153431	0.0382640305385912	0.964245303038599
amp10_5p13.2  	0.155611811860012	0.152869988800652	1.01793565290919	0.314032717490624	0.0362001276092982	0.964245303038599
del61_20p11.21	0.350738651420797	0.351662585994587	0.997372667407376	0.32380148138021	0.0353502328184254	0.964245303038599
del28_8q24.3  	0.138171472688305	0.142563512189974	0.969192401097579	0.337517772961179	0.0342113313445775	0.964245303038599
amp39_19q13.12	-0.152313540882407	0.158128517355601	-0.963226263229187	0.340470477349808	0.0339740594081384	0.964245303038599
amp36_17q21.2 	0.208883204034608	0.218236226010448	0.957142669909478	0.343498861734764	0.0337335059931378	0.964245303038599
amp21_10q21.2 	-0.274457387702497	0.286912856614439	-0.956587972184602	0.343775869106067	0.0337116423850201	0.964245303038599
del71_xp11.23 	-0.411713124709798	0.434992029997885	-0.946484294693399	0.348847258604112	0.0333154489705856	0.964245303038599
amp20_9q33.2  	0.313468208641953	0.331337308507257	0.946069762123052	0.349056370218679	0.0332992769328631	0.964245303038599
amp14_6q21    	-0.183240614747912	0.19571937394864	-0.936241574101893	0.354038289799138	0.0329177709682889	0.964245303038599
del12_3q29    	-0.176652176655918	0.18985208763314	-0.930472658258417	0.356984068581651	0.0326955527805791	0.964245303038599
del23_7p11.2  	-0.278211094795436	0.30200581458359	-0.921211054095225	0.36174656748239	0.032341458173072	0.964245303038599
del47_16q23.1 	-0.201595447713229	0.220658990377161	-0.913606317914588	0.365687682815262	0.0320531668272814	0.964245303038599
amp28_13q33.1 	-0.194860139874064	0.218536489555819	-0.891659513109787	0.377216007279691	0.031233638464008	0.964245303038599
amp31_15q25.3 	-0.144220351294185	0.17177603798772	-0.83958364032412	0.405484305595143	0.0293635970534302	0.964245303038599
del62_20q13.33	0.198630118683383	0.239536227756325	0.829227881493756	0.411257909570987	0.029004307932227	0.964245303038599
del11_3q21.3  	0.221366810209421	0.269062831279511	0.82273277641778	0.4149046894261	0.0287811042885805	0.964245303038599
amp16_7q36.1  	-0.179234302707903	0.221997257930653	-0.807371696293165	0.423607619149724	0.0282598070131959	0.964245303038599
del72_xp11.22 	-0.386051212379921	0.508412129237586	-0.759327305898156	0.451530588201095	0.0266894050003548	0.964245303038599
amp32_15q26.3 	-0.176444294321387	0.233142394775456	-0.756809135855895	0.453023226516199	0.0266096160385971	0.964245303038599
amp19_9p22.3  	-0.125628084511838	0.167521517406842	-0.749922078408221	0.457120175574097	0.0263926851762516	0.964245303038599
del18_6p22.1  	-0.132852073541133	0.182958512984083	-0.726132232790341	0.471436422000714	0.0256578833331055	0.964245303038599
del36_11q25   	-0.16953878167574	0.23978084026937	-0.707057250634703	0.483097571131365	0.025085051782708	0.964245303038599
amp35_16q24.1 	0.169415347710178	0.241849421293126	0.700499289203771	0.487143738631268	0.0248914829825101	0.964245303038599
del66_21q22.3 	0.336649032018211	0.480723318883261	0.700296862653262	0.487268932988676	0.0248855355169643	0.964245303038599
del24_7q22.1  	-0.103393748451945	0.147647650754335	-0.70027357647551	0.487283335896838	0.0248848514546931	0.964245303038599
amp3_2q31.2  	0.144517411344995	0.208518092502385	0.693068930425504	0.491750917824329	0.0246742520686826	0.964245303038599
del67_22q11.21	-0.339666398914752	0.490133032746288	-0.693008583836005	0.491788434249695	0.0246724968898148	0.964245303038599
del27_8q21.2  	-0.108727554047355	0.165257953179367	-0.657926302217626	0.513864731454254	0.0236769832423153	0.964245303038599
del68_22q13.2 	0.225816341873946	0.344793451743185	0.654932223139036	0.515773201789327	0.0235943250334962	0.964245303038599
del32_10q11.22	-0.222864665589204	0.349415419131308	-0.637821496667991	0.526752302834067	0.0231289181898688	0.964245303038599
amp13_6p22.2  	0.102814193824696	0.166156089198985	0.618780776078379	0.539113145481197	0.0226249992603816	0.964245303038599
del7_2q14.3  	0.177380598023286	0.293349431853001	0.60467339889778	0.548367257207797	0.0222611688072738	0.964245303038599
del17_5q13.2  	-0.133906687769345	0.223907248995938	-0.598045344086981	0.552742926958641	0.0220930363561256	0.964245303038599
amp42_21q11.2 	0.14840970025573	0.248247714341488	0.597829070247061	0.552886002849554	0.0220875804355707	0.964245303038599
del5_2p23.3  	-0.152489198459059	0.266016664031129	-0.573231752283065	0.569279674291631	0.0214795601868402	0.964245303038599
del40_14q11.2 	-0.215745568536959	0.377193866354692	-0.5719752832197	0.570123484723523	0.0214491674316539	0.964245303038599
del69_22q13.33	0.171593769080618	0.335448677844121	0.511535088417773	0.611423336027176	0.0200639401695341	0.964245303038599
del35_11q14.3 	-0.0674965403181934	0.138557939269915	-0.487135855757121	0.628475434469902	0.019547519229874	0.964245303038599
del19_6p21.33 	0.118828731227601	0.257961937441674	0.460644436175662	0.647224140459292	0.0190148190131441	0.964245303038599
del13_4p16.1  	0.120705892391017	0.262790933419252	0.459322895278297	0.648165649008431	0.0189890100650212	0.964245303038599
del33_10q26.3 	-0.147536278625027	0.3226416371047	-0.457276004265841	0.649625067742468	0.018949179139249	0.964245303038599
del41_15q11.1 	-0.118296280926632	0.268725974659039	-0.440211561523693	0.661845529304489	0.0186239207580359	0.964245303038599
del38_12q24.33	-0.11617009239722	0.269170201072355	-0.431586007419866	0.668058453864872	0.0184641397089751	0.964245303038599
amp8_4q31.21 	0.139285739611647	0.324163584991221	0.429677317442731	0.669436469120451	0.018429203150684	0.964245303038599
del1_1p36.33 	0.158398123122196	0.372072472458076	0.425718468436398	0.672298299291843	0.0183572264195773	0.964245303038599
amp9_5p15.33 	-0.0583898219742972	0.141402306564817	-0.412934013544766	0.681573473406877	0.0181292693783126	0.964245303038599
amp41_20q13.2 	0.0853983297325288	0.208212383663477	0.410150098807542	0.683599885240471	0.0180805377073937	0.964245303038599
amp23_11q13.1 	0.0497082699998262	0.122214110962596	0.406731019915039	0.68609185655439	0.018021132165513	0.964245303038599
del51_17q11.2 	0.121332773799661	0.300756086690944	0.403425829663564	0.688504177346599	0.0179641713736791	0.964245303038599
del53_18p11.21	0.104100894267781	0.258636750309991	0.402498462198469	0.689181613962125	0.0179482716795071	0.964245303038599
del3_1p11.2  	0.1256814884803	0.334204266187968	0.376061891470926	0.708599765242565	0.0175102044277619	0.964245303038599
del58_19p12   	-0.0721468196242293	0.195442971447419	-0.369145122436082	0.713713358765949	0.0174004389444963	0.964245303038599
del15_5p15.33 	-0.0493488103996249	0.134371707923913	-0.367255958579974	0.715112349296668	0.0173708089722545	0.964245303038599
amp4_3q21.3  	-0.0764670432086931	0.209588716333838	-0.364843320510129	0.716900428119845	0.0173331872148923	0.964245303038599
del30_9q34.13 	-0.0818712428205733	0.234339918141996	-0.349369597248747	0.728406217142321	0.0170977255950905	0.964245303038599
del20_6q25.1  	-0.148772420153702	0.454410457603822	-0.327396558913284	0.744853314122171	0.0167807174325896	0.964245303038599
del46_16q22.1 	-0.0856719960726974	0.273342391671422	-0.313423745028475	0.755375560180399	0.0165897381608588	0.964245303038599
amp1_1q21.1  	0.0561019624593961	0.186057738815095	0.30152985205926	0.7643694451911	0.0164336802715612	0.964245303038599
del45_16q11.2 	-0.107777623307416	0.370493962274145	-0.290902509303692	0.772433504547471	0.0162993075667708	0.964245303038599
amp44_21q22.3 	-0.0696769592337526	0.243018704142058	-0.286714388835777	0.775618505103278	0.0162476672640482	0.964245303038599
del22_7p22.1  	0.0470260783324243	0.168571450176726	0.278968225539517	0.781519588493366	0.0161541152159131	0.964245303038599
del50_17p11.2 	-0.180963883344483	0.650090451191588	-0.278367237994012	0.78197797375015	0.0161469633325018	0.964245303038599
del49_17p11.2 	-0.0746509894110263	0.269387449554011	-0.277113835609699	0.782934220415956	0.0161320968652755	0.964245303038599
amp26_12q13.11	-0.103409363017721	0.402984240532008	-0.256608950467152	0.798624909543282	0.0158983580672474	0.970800749104247
del8_2q37.3  	0.0820032225587935	0.336383035940809	0.243779304534319	0.808485727546685	0.0157611931040231	0.970800749104247
amp25_12p12.1 	0.0354875258416088	0.149279135851436	0.237725959754525	0.813149345403557	0.0156989048905141	0.970800749104247
amp12_5q31.3  	0.0268436755734507	0.121695141388694	0.220581325327623	0.826394563423874	0.0155309487069081	0.976648120410033
del6_2p11.2  	0.0535551252546571	0.323230021058489	0.165687348839934	0.869129068383121	0.0150774257118205	0.989416825979383
amp34_16q13   	0.0547241365780189	0.339131169372034	0.161365694221947	0.872512040705215	0.0150471797958384	0.989416825979383
del16_5p14.3  	-0.0225897926361725	0.151150694647812	-0.149452125832486	0.881850218276324	0.0149679306587224	0.989416825979383
amp2_2q24.2  	0.0468914992100882	0.350448548606679	0.133804232879607	0.894141070981519	0.0148730540670978	0.989416825979383
del21_6q27    	0.0424740619087066	0.356657468385943	0.119089226144411	0.905723234815963	0.0147933833819449	0.989416825979383
amp33_16p13.13	-0.026940365812998	0.266543790948035	-0.101072944588869	0.919931824839142	0.0147084495127231	0.989416825979383
del29_9p21.3  	-0.0277306341342468	0.283981680024862	-0.0976493770014286	0.922634964325529	0.01469388008582	0.989416825979383
del56_19p13.2 	-0.0323728806166956	0.340123727143906	-0.0951797185351866	0.924585502770678	0.0146836815625808	0.989416825979383
amp27_12q14.3 	-0.010375682146909	0.1453874198866	-0.0713657492168297	0.943416050038473	0.0145987372374687	0.989416825979383
del14_4q35.2  	0.0328740689290088	0.465722477532949	0.070587249950123	0.944032248363673	0.0145963701678866	0.989416825979383
del64_21p11.2 	-0.0207877937827922	0.298908179940869	-0.0695457507616704	0.944856670617489	0.0145932440163743	0.989416825979383
del73_xq28    	-0.0226251038316695	0.326370318579581	-0.0693234113020381	0.945032676381846	0.0145925826612923	0.989416825979383
amp15_7q31.2  	-0.00967441071238223	0.158234067635054	-0.0611398724495597	0.951512688623165	0.0145697133988231	0.989416825979383
amp7_4q28.1  	-0.0123591329712451	0.220729987782634	-0.0559920883220265	0.955590609706583	0.0145567972150408	0.989416825979383
amp24_11q14.2 	-0.00794252600064045	0.18197539693838	-0.0436461529100548	0.965375376795849	0.0145304456850847	0.990779991974687
del65_21q22.3 	0.00683314308870033	0.330396812846452	0.0206816253154232	0.983589077864636	0.0144987983307697	0.999408038988401
del34_11p15.5 	0.00080341954760408	0.33775789257237	0.00237868474807568	0.998112371957133	0.0144897558980728	0.999408038988401
del60_19q13.42	-0.000223410501523053	0.299495561010805	-0.00074595596932735	0.999408038988401	0.0144896465987574	0.999408038988401
