estimate	p_values	FDR
amp25_12p12.1 	411	0.00287231441624187	0.336060786700299
amp5_3q25.1  	386	0.0124784660100424	0.62534972409467
amp23_11q13.1 	381	0.0169203923293228	0.62534972409467
del71_xp11.23 	154	0.0213794777468263	0.62534972409467
amp32_15q26.3 	168	0.0433565977793334	0.873981179373761
del2_1p36.21 	353	0.0743201038030793	0.873981179373761
del55_18q23   	181	0.0812477228754168	0.873981179373761
amp4_3q21.3  	182	0.0850063827856502	0.873981179373761
amp18_8q24.13 	349.5	0.0868382177303197	0.873981179373761
amp42_21q11.2 	349	0.0889008017015498	0.873981179373761
del38_12q24.33	349	0.0889008017015498	0.873981179373761
amp3_2q31.2  	347	0.0971090199304179	0.873981179373761
amp35_16q24.1 	185	0.0971090199304179	0.873981179373761
del44_16p11.2 	188.5	0.112165347930089	0.898617889670937
del24_7q22.1  	189.5	0.116903314024809	0.898617889670937
amp28_13q33.1 	192	0.130551592080301	0.898617889670937
del72_xp11.22 	195	0.147298986324649	0.898617889670937
del3_1p11.2  	199	0.170007265252764	0.898617889670937
del60_19q13.42	332.5	0.172561165875637	0.898617889670937
del30_9q34.13 	200	0.176520539889944	0.898617889670937
del26_8p23.1  	201	0.183124474942533	0.898617889670937
del54_18p11.21	202	0.192521015305697	0.898617889670937
amp12_5q31.3  	204	0.207101199998715	0.898617889670937
amp34_16q13   	326	0.222446397629446	0.898617889670937
amp26_12q13.11	324	0.235526000295553	0.898617889670937
del56_19p13.2 	209	0.246924338178276	0.898617889670937
amp22_10q25.1 	321	0.264230194072851	0.898617889670937
del51_17q11.2 	319	0.282333972259339	0.898617889670937
del64_21p11.2 	214	0.28717053738213	0.898617889670937
del12_3q29    	317.5	0.292639491301907	0.898617889670937
del37_12p13.31	215	0.297458830239921	0.898617889670937
del29_9p21.3  	215	0.301240008773879	0.898617889670937
del27_8q21.2  	316	0.307128120045706	0.898617889670937
del70_22q13.33	216	0.310994557487976	0.898617889670937
del36_11q25   	218	0.331106660084278	0.898617889670937
amp37_17q23.3 	313	0.341463701113311	0.898617889670937
amp38_19q12   	313	0.341463701113311	0.898617889670937
del52_17q25.1 	219	0.341463701113311	0.898617889670937
amp17_8p23.1  	311.5	0.353218381984676	0.898617889670937
amp21_10q21.2 	311	0.362777222382436	0.898617889670937
del4_1q42.13 	311	0.362777222382436	0.898617889670937
amp11_5q22.3  	223	0.384884558889646	0.898617889670937
del43_16p13.11	223	0.384884558889646	0.898617889670937
amp16_7q36.1  	308	0.391910042359528	0.898617889670937
del33_10q26.3 	308	0.396233213757661	0.898617889670937
amp30_14q13.3 	306	0.415100839994699	0.898617889670937
del48_16q24.3 	226	0.419513519675133	0.898617889670937
amp2_2q24.2  	228	0.443559765486338	0.898617889670937
del6_2p11.2  	228	0.443559765486338	0.898617889670937
del13_4p16.1  	296	0.446780053597657	0.898617889670937
del22_7p22.1  	229	0.451416737830376	0.898617889670937
amp19_9p22.3  	303	0.455865154117642	0.898617889670937
amp6_3q29    	230	0.463852831891283	0.898617889670937
del25_7q35    	302	0.463910082588242	0.898617889670937
amp15_7q31.2  	302	0.463938701162793	0.898617889670937
del45_16q11.2 	230	0.468355720046976	0.898617889670937
del67_22q11.21	302	0.468355720046976	0.898617889670937
del17_5q13.2  	301	0.475839179707213	0.898617889670937
amp9_5p15.33 	301	0.481028962659214	0.898617889670937
del14_4q35.2  	231	0.481028962659214	0.898617889670937
amp29_14q11.2 	300	0.493882229271893	0.898617889670937
del65_21q22.3 	232	0.493882229271893	0.898617889670937
del16_5p14.3  	299.5	0.495914734422398	0.898617889670937
amp10_5p13.2  	299	0.506912655711811	0.898617889670937
amp40_19q13.33	233	0.506912655711811	0.898617889670937
del7_2q14.3  	299	0.506912655711811	0.898617889670937
amp33_16p13.13	234	0.520117228050513	0.908264413162835
amp31_15q25.3 	235	0.533492722952509	0.91792130272711
del5_2p23.3  	295	0.560742795999489	0.950824741042612
del57_19p13.12	238	0.574610081141958	0.956529774473811
amp24_11q14.2 	293	0.588633707368499	0.956529774473811
del15_5p15.33 	293	0.588633707368499	0.956529774473811
del20_6q25.1  	292	0.602809619974496	0.95744402768204
del50_17p11.2 	241.5	0.620442699427558	0.95744402768204
amp44_21q22.3 	289	0.646207865575014	0.95744402768204
del34_11p15.5 	243	0.646207865575014	0.95744402768204
del41_15q11.1 	244	0.657236318544333	0.95744402768204
amp20_9q33.2  	288	0.660948956603456	0.95744402768204
del28_8q24.3  	288	0.660948956603456	0.95744402768204
amp7_4q28.1  	245	0.675819575803364	0.95744402768204
del63_20q13.33	287	0.675819575803364	0.95744402768204
amp1_1q21.1  	286	0.690814741133091	0.95744402768204
del61_20p11.21	286	0.690814741133091	0.95744402768204
del19_6p21.33 	246.5	0.695075769566491	0.95744402768204
del9_2q37.3  	247	0.705929298599726	0.95744402768204
del46_16q22.1 	248	0.721157992656137	0.95744402768204
del31_9q34.13 	249	0.732348737594393	0.95744402768204
amp27_12q14.3 	283	0.733555003195529	0.95744402768204
amp14_6q21    	249	0.736495405909262	0.95744402768204
del1_1p36.33 	283	0.736495405909262	0.95744402768204
amp41_20q13.2 	281	0.767474207790533	0.976026981646656
del23_7p11.2  	281	0.767474207790533	0.976026981646656
del11_3q21.3  	279	0.798820133242008	0.985894175189458
del66_21q22.3 	279	0.798820133242008	0.985894175189458
amp13_6p22.2  	254	0.814616063850466	0.985894175189458
amp36_17q21.2 	256	0.846423596382536	0.985894175189458
del40_14q11.2 	257	0.860742593555729	0.985894175189458
del8_2q37.3  	275	0.862422846036095	0.985894175189458
del35_11q14.3 	275	0.862422846036095	0.985894175189458
del62_20q13.33	257	0.862422846036095	0.985894175189458
del49_17p11.2 	274	0.874435511649463	0.985894175189458
del18_6p22.1  	273.5	0.885172471441984	0.985894175189458
amp39_19q13.12	259	0.89458089920859	0.985894175189458
del10_3p21.1  	259	0.89458089920859	0.985894175189458
del73_xq28    	259	0.89458089920859	0.985894175189458
del42_15q11.2 	272	0.909660477803321	0.985894175189458
amp43_21q22.11	260	0.910726941375637	0.985894175189458
del53_18p11.21	271.5	0.917842619095624	0.985894175189458
amp8_4q31.21 	271	0.926909053596926	0.985894175189458
del69_22q13.33	271	0.926909053596926	0.985894175189458
del58_19p12   	263	0.95935548071591	0.99186779595558
del59_19q13.2 	268	0.975313009402472	0.99186779595558
del21_6q27    	268	0.975606695627803	0.99186779595558
del39_13q11   	267.5	0.983511313709906	0.99186779595558
del32_10q11.22	265	0.991766496031799	0.99186779595558
del47_16q23.1 	265	0.991867795955579	0.99186779595558
del68_22q13.2 	267	0.99186779595558	0.99186779595558
