estimate	std_error	t_value	p_values	r_sq	FDR
del32_10q11.22	-3.84059537047454e-16	4.60081063820422e-17	-8.34764930028417	9.13466921952471e-11	1	6.02888168488631e-09
amp37_17q23.3 	-1.38639847311636e-16	2.77545481695061e-17	-4.99521182852327	8.93271477229734e-06	1	0.000294779587485812
amp13_6p22.2  	1.99202526799465e-16	4.33776694892273e-17	4.59228282996938	3.40403304616065e-05	1	0.000748887270155343
del20_6q25.1  	8.21769624435144e-16	1.97046987896037e-16	4.17042469519358	0.000133115165024421	1	0.00219640022290294
del65_21q22.3 	-3.96571970651177e-16	1.20013142857553e-16	-3.30440451111157	0.00184921971661791	1	0.0240534589357222
amp26_12q13.11	-4.47510505280748e-16	1.37870582101175e-16	-3.24587376408078	0.00218667808506565	1	0.0240534589357222
del28_8q24.3  	4.18022221082935e-17	1.39440153953596e-17	2.99786115570445	0.00437390400447888	1	0.0412396663279438
del43_16p13.11	-3.63743989209484e-16	1.25910754049399e-16	-2.88890327085783	0.00587706891555615	1	0.045866935179464
del44_16p11.2 	6.0644114660635e-16	2.11623521410361e-16	2.8656604075234	0.00625458206992691	1	0.045866935179464
amp22_10q25.1 	5.54286631356441e-16	2.01941783466241e-16	2.74478427318189	0.00860763826909967	1	0.0562065223149265
del21_6q27    	4.35419853100225e-16	1.61594300694083e-16	2.69452481448913	0.009807925085337	1	0.0562065223149265
del10_3p21.1  	3.72491315379736e-16	1.39062175702245e-16	2.67859548075316	0.010219367693623	1	0.0562065223149265
amp8_4q31.21 	3.43655421244707e-16	1.39976775036941e-16	2.45508886137727	0.0179256821396354	1	0.091007309324303
del26_8p23.1  	-1.58489942004991e-16	6.94011731715914e-17	-2.28367813917398	0.0270560038255523	1	0.127549732320461
del14_4q35.2  	-3.5239239365103e-16	1.76356393217059e-16	-1.99818326527752	0.051628389223238	1	0.227164912582247
amp43_21q22.11	1.27624066529939e-16	6.61344294401535e-17	1.92976740875082	0.0598161174272972	1	0.246741484387601
amp4_3q21.3  	1.2135054149987e-16	6.77049773099037e-17	1.79234299044835	0.0796561298347774	1	0.293719403118471
del72_xp11.22 	1.46927447689675e-16	8.21014563200936e-17	1.78958394010504	0.080105291759583	1	0.293719403118471
amp12_5q31.3  	7.38160789965983e-17	4.3561076134367e-17	1.69454213594053	0.0969231901860786	1	0.31599909781194
amp20_9q33.2  	-1.95862670019582e-16	1.16102042538453e-16	-1.68698728926076	0.0983769235246804	1	0.31599909781194
del56_19p13.2 	2.17785306408149e-16	1.34615405659349e-16	1.61783345183585	0.112536129679664	1	0.31599909781194
del8_2q37.3  	-2.20229887944489e-16	1.3631594959705e-16	-1.61558415281182	0.113023206536119	1	0.31599909781194
del64_21p11.2 	3.74086228101956e-16	2.3385218605685e-16	1.5996695793599	0.116518646284324	1	0.31599909781194
del37_12p13.31	-1.10449976419373e-16	6.90925223189187e-17	-1.59858075392813	0.116760964785399	1	0.31599909781194
del54_18p11.21	9.84804018510789e-17	6.21118535658278e-17	1.58553313413368	0.119696627959068	1	0.31599909781194
amp23_11q13.1 	1.35997723685225e-16	9.39505845057496e-17	1.44754526436078	0.154525681174105	1	0.370282859654662
amp10_5p13.2  	-7.96225074767977e-17	5.5156483033885e-17	-1.44357477303044	0.155634911930907	1	0.370282859654662
del53_18p11.21	-5.43829026733283e-17	3.78078910792455e-17	-1.43840085021779	0.157089698035311	1	0.370282859654662
del11_3q21.3  	-1.87839636005361e-16	1.33128780713811e-16	-1.41096188966954	0.164983482657014	1	0.375479650184927
amp7_4q28.1  	-1.29574017775442e-16	9.89716670826413e-17	-1.3092031446459	0.196967792646309	1	0.43332914382188
del42_15q11.2 	1.6924539080805e-16	1.44734018022166e-16	1.16935460730545	0.248284524088568	1	0.513052764315919
del62_20q13.33	-9.78597805607593e-17	8.37710989419428e-17	-1.16818069473555	0.2487528554259	1	0.513052764315919
amp32_15q26.3 	-1.13097155187885e-16	1.03755201511818e-16	-1.09003841291757	0.281373559230445	1	0.554381683667919
amp27_12q14.3 	-1.52360082350793e-17	1.41475375325444e-17	-1.07693711361649	0.28712401503025	1	0.554381683667919
del25_7q35    	1.96723162641156e-16	1.85785097681565e-16	1.05887482417098	0.295185521050955	1	0.554381683667919
del23_7p11.2  	-1.16970399663988e-16	1.12145947303751e-16	-1.04301940887057	0.30239000927341	1	0.554381683667919
del50_17p11.2 	3.29879443542455e-16	3.25354252427917e-16	1.0139085045939	0.315929945113443	1	0.56355071290506
del16_5p14.3  	7.87512068804334e-17	7.92618475957434e-17	0.993557547157941	0.325636171729381	1	0.565578614056294
amp14_6q21    	-6.50580707230639e-17	6.71202141358818e-17	-0.969276864810903	0.337476093347133	1	0.571113388741301
del63_20q13.33	-9.41344421731661e-17	1.00879731285552e-16	-0.933135338224757	0.355622449204986	1	0.586777041188227
del52_17q25.1 	-1.41727576651718e-16	1.70185356729697e-16	-0.832783615319043	0.409269836136814	1	0.621998378466023
del19_6p21.33 	1.54089212760865e-16	1.85108073365019e-16	0.832428375271418	0.409468191185816	1	0.621998378466023
amp19_9p22.3  	6.22448765527121e-17	7.59753966059847e-17	0.81927675712599	0.416853148999279	1	0.621998378466023
del2_1p36.21 	9.2728278197408e-17	1.139992289639e-16	0.813411450587725	0.420172663874426	1	0.621998378466023
amp42_21q11.2 	2.12341252360522e-17	2.6327879095763e-17	0.806526236269047	0.424089803499561	1	0.621998378466023
del61_20p11.21	-2.33025489378844e-16	3.00246982862237e-16	-0.776112676162224	0.441654794157497	1	0.624718240601266
del73_xq28    	-7.2732452449806e-17	9.43823188401278e-17	-0.770615231153686	0.444875110731205	1	0.624718240601266
del59_19q13.2 	-1.433393747614e-16	1.93683921445256e-16	-0.740068528620298	0.463019037744734	1	0.636651176899009
del5_2p23.3  	-4.36787945577329e-17	6.66644895766924e-17	-0.655203314914514	0.515600247604438	1	0.682062928598677
amp29_14q11.2 	-5.50978837351994e-18	8.4317416991135e-18	-0.653457917727631	0.516714339847483	1	0.682062928598677
del31_9q34.13 	7.91904453663753e-17	1.48497591771903e-16	0.533277640542579	0.596408741704223	1	0.761078560275638
amp41_20q13.2 	4.74958858990883e-17	8.98555273528658e-17	0.528580570370149	0.599637653550503	1	0.761078560275638
del67_22q11.21	7.37714651160466e-17	1.44361690060937e-16	0.511018297755495	0.611782308929598	1	0.761842120553839
del1_1p36.33 	-8.23499415958185e-17	1.79141388325264e-16	-0.4596924382784	0.647902315984844	1	0.791880608425921
del47_16q23.1 	-7.14345445392827e-17	1.75723847796796e-16	-0.406515936424796	0.686248736915772	1	0.823498484298927
del27_8q21.2  	-2.91175978244295e-17	9.27277113404138e-17	-0.314011824550867	0.754931743774549	1	0.88974098373429
del55_18q23   	4.10572978180848e-17	1.53303495284831e-16	0.267817101898442	0.79003737476306	1	0.909381852299063
del51_17q11.2 	-3.06473732753124e-17	1.35416094394968e-16	-0.226320020616775	0.82195520058321	1	0.909381852299063
del39_13q11   	-2.3546660980546e-17	1.14660134419833e-16	-0.205360486447092	0.838196580895355	1	0.909381852299063
amp38_19q12   	-3.030438436997e-17	1.4887984796005e-16	-0.203549269999938	0.839603535171685	1	0.909381852299063
del13_4p16.1  	-2.01320201959174e-17	9.94619019313716e-17	-0.202409362831292	0.840489287730952	1	0.909381852299063
amp44_21q22.3 	1.23067115548694e-17	1.01523031159947e-16	0.121220883717316	0.90404406486493	1	0.959825466351002
del40_14q11.2 	1.41464725163688e-17	1.3370310946075e-16	0.105805112337508	0.91619703606232	1	0.959825466351002
amp39_19q13.12	-1.083905675226e-17	1.33683831220316e-16	-0.0810797884330294	0.935730249329793	1	0.964971819621349
del38_12q24.33	7.69848570993997e-18	2.19523193296144e-16	0.0350691222842885	0.972176362804672	1	0.982145425202742
del6_2p11.2  	-3.4886242482775e-18	1.55041225046671e-16	-0.022501268596319	0.982145425202742	1	0.982145425202742
