Chromosome Arm	MDL15-1352	MDL15-2291	MDL16-2187	MDL16-2366	MDL16-2565	MDL16-2571	MDL16-3157	MDL16-3467	MDL16-3681	MDL16-372	MDL16-3785	MDL16-4031	MDL16-4342	MDL16-4473	MDL16-4671	MDL16-4853	MDL16-5150	MDL16-5262	MDL17-137	MDL17-1665	MDL17-1897	MDL17-2054	MDL17-2071	MDL17-2084	MDL17-2385	MDL17-2416	MDL17-2508	MDL17-2917	MDL17-3055	MDL17-3392	MDL17-3439	MDL17-3683	MDL17-377	MDL17-379	MDL17-3883	MDL17-5117	MDL17-5120	MDL17-5335	MDL17-681	MDL17-682	MDL17-911	MDL18-1257	MDL18-1935	MDL18-2281	MDL18-2288	MDL18-2673	MDL18-3105	MDL18-337	MDL18-339	MDL18-473	MDL18-604	MDL18-93
1p	0.000	0.000	0.000	0.000	0.000	0.000	0.000	0.000	0.703	0.000	0.000	0.000	0.000	0.000	0.000	0.289	0.000	0.000	0.000	0.000	0.000	0.000	0.000	0.000	0.526	0.349	0.000	0.000	0.000	0.000	0.000	0.000	0.000	0.000	0.000	0.259	1.054	0.000	0.499	0.000	0.000	0.000	0.000	0.000	-0.505	0.000	0.000	0.000	0.000	0.000	0.000	0.000
1q	0.000	0.000	0.305	0.000	0.000	1.520	0.000	0.000	0.703	1.485	0.000	0.718	0.000	0.000	0.530	0.289	0.000	0.000	0.000	0.000	0.000	0.000	0.000	0.000	0.526	0.349	0.000	0.000	0.000	0.000	0.000	1.312	0.000	0.000	0.000	0.000	1.054	0.423	0.499	0.000	0.000	0.000	0.000	0.000	0.000	0.911	0.000	0.000	0.603	0.000	0.000	0.000
2p	0.000	0.000	0.000	0.000	0.000	0.000	0.000	0.000	0.718	0.468	0.000	0.000	0.000	0.000	0.287	0.000	0.276	0.000	0.000	0.000	0.000	0.000	0.000	0.000	0.000	0.000	0.369	0.000	0.000	0.503	0.000	0.000	0.000	0.000	0.000	0.409	0.463	0.000	0.000	0.000	0.000	0.000	0.000	0.000	0.000	0.507	0.000	0.000	0.380	0.000	0.000	0.350
2q	0.000	0.000	0.000	0.000	0.000	0.000	0.000	0.000	-0.478	0.468	0.000	0.000	0.000	0.000	0.287	0.000	0.276	0.000	0.000	0.000	0.000	0.000	0.000	0.000	0.000	0.000	0.369	0.000	0.000	0.503	0.000	0.000	0.000	0.000	0.000	0.000	0.463	0.000	0.000	0.000	0.000	0.000	0.000	0.000	0.000	0.507	0.000	0.000	0.000	0.000	0.000	0.350
3p	0.291	0.000	0.000	0.000	0.000	-0.055	0.000	0.000	0.224	0.552	0.000	-0.393	0.000	0.000	0.000	0.292	0.000	0.000	0.000	0.000	0.000	0.000	0.000	0.000	0.000	0.000	0.066	0.000	-0.442	0.486	0.000	0.000	0.000	0.559	0.000	0.000	0.000	0.000	0.683	0.422	0.000	0.278	0.000	0.000	-0.541	-0.512	0.503	0.000	0.000	0.000	0.673	0.000
3q	0.291	0.000	0.000	0.486	0.000	0.455	0.000	0.000	1.294	0.552	0.000	0.705	0.000	0.000	0.000	0.292	0.000	0.000	0.000	0.681	0.000	0.000	0.000	0.000	0.000	0.000	0.432	0.000	0.000	0.486	0.000	0.000	0.000	0.559	0.000	0.000	0.000	0.829	0.683	0.422	0.000	0.278	0.000	0.000	0.000	0.516	0.503	0.000	0.000	0.000	0.673	0.000
4p	0.302	0.000	0.000	0.000	0.000	-0.396	0.000	0.000	-0.417	0.000	0.000	0.268	0.000	0.000	0.000	0.000	0.000	0.000	0.000	0.387	0.000	0.000	0.000	0.000	0.363	0.664	0.061	0.000	-0.418	0.000	0.000	0.000	0.000	0.000	0.000	0.739	0.341	0.000	0.000	0.000	0.000	0.000	0.000	0.000	0.584	0.000	0.307	0.000	0.000	0.000	0.000	0.264
4q	0.000	0.000	0.000	0.000	0.000	-0.396	0.000	0.000	-0.417	0.000	0.000	0.268	0.000	0.000	0.000	0.000	0.000	0.000	0.000	0.000	0.000	0.000	0.000	0.000	0.000	0.000	0.441	0.000	0.000	0.000	0.000	0.000	0.000	0.000	0.000	0.439	0.341	0.000	0.000	0.000	0.000	0.000	0.000	0.000	0.584	0.000	0.307	0.000	0.000	0.000	0.000	0.000
5p	0.000	0.000	0.000	0.757	0.000	1.639	0.000	0.000	-0.403	0.804	0.277	0.000	0.000	0.000	0.000	0.271	0.000	0.317	0.300	0.000	0.000	0.356	0.000	0.000	0.571	0.000	0.468	0.000	0.829	0.347	0.000	0.564	0.000	0.746	0.000	-0.331	0.782	0.000	0.000	0.000	0.000	0.000	0.000	0.000	0.255	1.247	0.000	0.000	0.000	0.000	0.000	0.837
5q	0.000	0.000	0.000	0.000	0.000	0.000	0.000	0.000	-0.403	0.000	0.277	0.000	0.000	0.000	0.000	0.000	0.000	0.000	0.000	0.000	0.000	0.356	0.000	0.000	0.000	0.000	0.468	0.000	0.000	0.000	0.000	0.564	0.000	0.746	0.000	-0.331	-0.494	0.000	0.000	0.000	0.000	0.000	0.000	0.000	0.255	-0.408	0.000	0.000	0.000	0.000	0.000	0.000
6p	0.000	0.000	0.000	0.320	0.000	0.000	0.000	0.000	0.000	0.511	0.000	-0.451	0.000	0.000	0.000	0.000	0.000	0.000	0.259	0.000	0.000	0.000	0.000	0.000	0.536	0.000	0.000	0.000	-0.492	0.000	0.000	0.502	0.000	0.000	0.000	0.479	-0.261	0.000	0.000	-0.299	0.000	0.000	0.000	0.000	0.793	-0.459	0.000	0.000	0.000	0.000	0.000	0.000
6q	0.000	0.000	0.000	0.320	0.000	0.000	0.000	0.000	0.000	0.511	0.000	-0.451	0.000	0.000	0.000	0.000	0.000	0.000	0.000	0.000	0.000	0.000	0.000	0.000	-0.343	0.000	0.000	0.000	-0.492	0.000	0.000	-0.463	0.000	0.000	0.000	-0.380	-0.530	0.000	0.000	-0.299	0.000	0.000	0.000	0.000	-0.475	-0.459	0.000	0.000	0.000	0.000	0.000	0.000
7p	0.440	0.000	0.000	0.406	0.000	0.977	0.000	0.000	0.458	1.099	0.000	0.366	0.000	0.000	0.000	0.000	0.570	0.362	0.401	0.314	0.000	0.000	0.000	0.000	3.466	0.257	0.440	0.000	0.499	0.340	0.000	0.000	0.000	0.425	0.000	1.047	0.310	0.000	0.000	0.306	0.661	0.000	0.000	0.000	0.807	0.758	0.277	0.000	0.252	0.000	0.000	0.000
7q	0.440	0.000	0.000	0.406	0.000	0.707	0.000	0.000	0.715	1.099	0.000	0.366	0.000	0.000	0.000	0.000	0.570	0.362	0.401	0.000	0.000	0.000	0.000	0.000	0.561	0.000	0.440	0.000	0.000	0.340	0.000	0.000	0.000	0.425	0.000	0.000	0.310	0.000	0.000	0.306	0.661	0.000	0.000	0.000	0.807	0.758	0.277	0.000	0.252	0.000	0.000	0.000
8p	-0.328	0.000	0.000	0.065	0.000	0.556	0.000	0.000	-0.328	1.057	0.000	0.695	0.000	0.000	1.733	-0.276	0.572	0.454	0.543	0.000	0.000	0.000	0.000	0.000	0.879	0.244	0.536	0.000	-0.459	0.000	0.000	0.894	0.000	0.912	0.000	-0.942	0.321	0.860	0.000	0.000	0.479	0.000	0.000	0.000	-0.288	-0.482	-0.472	0.000	0.403	0.000	0.000	0.417
8q	0.000	0.000	0.000	0.474	0.000	1.508	0.000	0.000	0.000	1.057	0.000	1.161	0.000	0.000	1.733	0.000	0.572	0.454	0.543	0.000	0.000	0.000	0.000	0.000	1.551	0.596	0.890	0.000	0.000	0.000	0.000	0.894	0.000	0.912	0.000	0.000	0.876	0.860	0.000	0.000	0.479	0.000	0.000	0.000	0.000	-0.482	0.000	0.000	0.403	0.000	0.000	0.417
9p	0.000	0.000	0.000	0.000	0.000	-0.362	0.000	0.000	0.000	0.000	0.000	0.329	0.000	0.000	-0.331	0.000	0.367	0.000	0.000	0.000	0.000	0.325	0.000	0.000	1.263	-0.300	-0.346	0.000	-0.476	-0.259	0.000	0.000	0.000	0.000	0.000	-0.322	-0.423	0.000	0.000	0.407	0.000	0.000	0.000	0.000	0.000	-0.426	0.000	0.000	0.000	0.000	0.000	0.000
9q	0.000	0.000	0.000	0.000	0.000	-0.362	0.000	0.000	0.000	0.000	0.000	0.815	0.000	0.000	-0.331	0.000	0.000	0.000	0.000	0.000	0.000	0.000	0.000	0.000	-0.355	-0.300	-0.346	0.000	-0.476	-0.259	0.000	0.000	0.000	0.000	0.000	0.000	0.000	0.000	0.000	0.000	0.000	0.000	0.000	0.000	0.000	-0.426	0.000	0.000	0.000	0.000	0.000	0.000
10p	0.000	0.000	0.000	0.000	0.000	0.000	0.000	0.000	0.560	2.042	0.000	0.000	0.000	0.000	0.000	0.000	0.476	0.000	0.000	0.000	0.000	0.000	0.000	0.000	-0.338	-0.336	0.396	0.000	0.000	0.415	0.000	0.000	0.000	0.000	0.000	0.974	0.271	0.000	-0.300	0.000	0.000	0.000	0.000	0.278	-0.844	0.447	-0.260	0.000	0.000	0.000	0.000	0.545
10q	0.000	0.000	0.000	0.000	0.000	0.000	0.000	0.000	-0.406	0.000	0.000	0.000	0.000	0.000	0.000	0.000	0.000	0.000	0.000	0.000	0.000	0.000	0.000	0.000	0.000	0.000	0.000	0.000	0.000	0.000	0.000	0.000	0.000	0.000	0.000	0.974	0.271	0.000	-0.300	0.000	0.000	0.000	0.000	0.278	0.000	0.447	-0.260	0.000	0.000	0.000	0.000	0.000
11p	0.000	0.000	0.000	0.000	0.000	-0.182	0.000	0.000	-0.480	2.626	0.000	0.399	0.000	0.000	0.359	0.308	0.000	0.000	0.000	0.000	0.000	0.000	0.000	0.000	0.720	0.530	-0.390	0.000	0.000	0.000	0.000	0.000	0.000	0.435	0.000	0.513	0.000	0.000	0.000	0.265	0.000	0.000	0.000	0.000	-0.446	-0.516	0.000	0.000	0.268	0.000	0.000	0.000
11q	0.000	0.000	0.000	0.000	0.000	-0.523	0.000	0.000	0.610	2.626	0.000	0.399	0.000	0.000	0.359	0.000	0.000	0.000	0.000	0.000	0.000	0.000	0.000	0.000	0.720	0.530	-0.390	0.000	0.000	0.000	0.000	0.000	0.000	0.435	0.000	0.000	0.000	0.000	0.000	0.000	0.000	0.000	0.000	0.000	0.000	-0.516	0.000	0.000	0.268	0.000	0.000	0.000
12p	0.000	0.000	0.000	0.725	0.000	0.381	0.000	0.000	-0.058	1.096	0.000	-0.433	0.000	0.000	0.000	0.311	-0.272	0.000	0.000	0.000	0.000	0.000	0.000	0.000	-0.411	0.314	-0.095	0.000	0.000	0.000	0.314	0.000	0.000	0.424	0.000	0.000	0.298	0.000	0.000	0.000	0.000	0.000	0.000	0.000	0.000	0.887	0.000	0.000	0.319	0.000	0.298	0.362
12q	0.000	0.000	0.000	0.000	0.000	0.000	0.000	0.000	-0.421	0.806	0.000	0.000	0.000	0.000	0.000	0.311	-0.272	0.000	0.000	0.000	0.000	0.000	0.000	0.000	-0.411	0.314	0.274	0.000	0.000	0.000	0.314	0.000	0.000	0.424	0.000	0.000	0.298	0.326	0.000	0.000	0.000	0.000	0.000	0.000	0.000	0.000	0.000	0.000	0.319	0.000	0.000	0.362
13q	0.000	0.000	0.000	0.000	0.000	-0.421	0.000	0.000	0.825	0.000	0.000	-0.487	0.000	0.000	0.000	0.000	0.000	0.000	0.000	0.000	0.000	0.000	0.000	0.000	-0.364	0.000	-0.792	0.000	-0.266	-0.394	0.000	0.262	0.000	0.000	0.000	0.517	-0.483	0.000	0.000	0.000	0.000	0.000	0.000	0.000	0.708	-0.417	0.000	0.000	0.000	0.000	0.336	0.000
14q	0.000	0.000	0.000	0.549	0.000	0.428	0.000	0.000	0.773	0.538	0.000	0.000	0.000	0.000	0.000	0.000	0.000	0.000	0.269	0.000	0.000	0.000	0.000	0.000	0.661	0.000	0.000	0.000	-0.427	0.275	0.000	0.271	0.000	0.000	0.000	0.000	0.329	0.000	0.000	0.000	-0.540	0.000	0.000	0.000	0.252	0.368	0.000	0.000	0.330	0.000	0.000	0.000
15q	0.000	0.000	0.000	0.000	0.000	-0.518	0.000	0.000	-0.417	0.000	0.000	-0.492	0.000	0.000	0.458	-0.289	0.000	0.000	-0.297	0.000	0.000	-0.256	0.000	0.000	-0.674	0.000	-0.380	0.000	0.000	0.000	0.000	-0.770	0.000	0.000	0.000	0.000	-0.555	0.000	0.000	0.000	-0.267	0.000	0.000	0.330	-0.483	0.000	0.000	0.000	0.000	0.000	0.000	0.000
16p	-0.261	-0.373	0.000	0.000	0.000	0.000	0.000	0.000	0.000	0.000	0.000	-0.517	0.000	0.000	-0.407	-0.313	-0.406	0.000	0.000	0.000	0.000	-0.336	0.000	0.000	0.000	0.000	0.000	0.000	0.000	-0.255	0.000	-0.373	0.000	0.415	0.000	-0.520	0.000	0.000	0.000	0.000	0.000	0.000	0.000	0.000	0.000	0.000	-0.309	0.000	0.000	0.000	0.000	0.000
16q	-0.261	-0.373	0.000	0.000	0.000	0.000	0.000	0.000	0.000	0.000	0.000	-0.517	0.000	0.000	-0.407	0.000	-0.406	0.000	0.000	0.000	0.000	-0.336	0.000	0.000	0.000	0.550	0.000	0.000	0.000	-0.255	0.000	-0.373	0.000	0.000	0.000	0.000	-0.269	0.000	0.000	0.000	0.000	0.000	0.000	0.000	0.000	0.000	-0.309	0.000	0.000	0.000	0.000	0.000
17p	0.000	-0.338	0.000	0.000	0.000	-0.551	0.000	0.000	0.666	0.530	0.000	0.000	0.000	-0.260	0.398	-0.293	0.000	0.000	0.000	0.000	0.000	0.000	0.000	0.000	0.000	-0.370	0.354	0.000	-0.409	0.000	0.000	-0.732	0.000	-0.382	0.000	-0.289	-0.311	0.000	0.000	-0.277	-0.284	0.000	0.000	0.000	-0.251	-0.571	0.000	0.000	0.000	0.000	0.000	0.426
17q	0.000	-0.338	0.000	0.000	0.000	0.000	0.000	0.000	0.666	0.530	0.000	1.506	0.000	0.000	0.398	0.000	0.000	0.000	0.000	0.000	0.000	0.000	0.000	0.000	0.000	0.000	0.354	0.000	0.000	0.000	0.000	0.310	0.000	0.000	0.000	-0.289	0.691	0.000	0.000	0.638	0.000	0.000	0.000	0.000	0.705	0.000	0.285	0.000	0.000	0.000	0.000	0.426
18p	0.000	0.000	0.000	-0.595	0.000	-0.453	0.000	0.000	0.615	2.199	0.000	0.000	0.000	0.000	-0.258	0.000	0.000	0.000	0.000	-0.313	0.000	0.000	0.000	0.000	0.000	-0.337	0.000	0.000	0.000	0.000	0.000	0.000	0.000	-0.497	0.000	0.000	-0.509	0.000	0.000	0.000	0.000	0.000	0.290	0.000	-0.533	0.000	0.000	0.000	0.000	0.000	0.000	0.000
18q	0.000	0.000	0.000	-0.595	0.000	-0.453	0.000	0.000	0.615	0.000	0.000	0.000	0.000	0.000	-0.258	0.000	0.000	0.000	0.000	-0.313	0.000	0.000	0.000	0.000	0.000	-0.337	0.000	0.000	0.000	0.000	0.000	0.000	0.000	-0.497	0.000	-0.686	-0.509	0.000	0.000	0.000	0.000	0.000	0.000	0.000	-0.533	0.000	0.000	0.000	0.000	0.000	0.000	0.000
19p	0.000	-0.655	0.000	-0.283	0.000	0.000	0.000	0.000	0.000	0.000	0.000	-0.622	0.000	0.000	-0.457	-0.370	0.000	0.000	0.000	-0.491	-0.379	-0.437	0.000	0.000	0.000	-0.578	-0.617	-0.405	-0.552	-0.548	0.000	0.000	-0.349	0.000	-0.334	-0.957	0.000	-0.368	0.000	-0.376	0.000	0.000	0.000	0.000	-0.340	-0.273	-0.325	0.000	-0.359	0.000	0.000	0.000
19q	0.000	-0.655	0.000	-0.283	0.000	0.000	0.000	0.000	0.000	0.000	0.000	-0.622	0.000	0.000	-0.457	0.000	0.000	0.000	0.000	0.000	0.000	-0.437	0.000	0.000	0.000	-0.578	-0.617	-0.405	0.000	0.338	0.000	0.000	0.000	0.000	-0.334	0.297	0.000	-0.368	0.000	-0.376	0.000	0.000	0.000	0.000	0.000	0.667	-0.325	0.000	0.000	0.000	0.000	0.000
20p	0.000	0.000	0.000	0.000	0.000	0.429	0.000	0.000	0.000	0.494	0.000	-0.539	0.000	0.000	0.299	0.299	0.279	0.341	0.000	0.332	0.000	0.000	0.000	0.000	0.866	0.000	0.019	0.000	0.000	0.000	0.000	0.000	0.000	0.000	0.000	0.431	-0.339	0.000	0.000	0.000	0.000	0.000	0.000	0.000	0.815	0.000	0.000	0.000	0.000	0.000	0.292	0.000
20q	0.000	0.000	0.000	0.000	0.000	0.429	0.000	0.000	0.000	0.494	0.000	0.000	0.000	0.000	0.000	0.299	0.279	0.341	0.000	0.332	0.000	0.000	0.000	0.000	0.866	0.000	0.388	0.000	0.000	0.000	0.000	0.000	0.000	0.000	0.000	0.000	0.671	0.000	0.000	0.000	0.000	0.000	0.000	0.000	0.815	0.000	0.000	0.000	0.000	0.000	0.000	0.000
21p	0.000	-0.327	-0.697	-1.010	-0.780	-0.493	-0.931	-0.579	-1.293	0.567	0.000	-0.795	0.000	-0.543	-0.204	-0.374	-0.677	-0.571	-0.523	-0.518	-1.090	0.000	0.000	-1.088	-0.286	-0.054	-0.286	-0.665	-0.724	-0.453	-0.270	-0.489	-0.454	-0.454	-0.541	-0.533	-0.530	-0.764	-0.574	-0.470	0.000	-0.912	-0.457	-0.592	-0.572	-0.512	-0.303	-0.369	-1.248	-0.345	-0.584	-0.272
21q	0.000	0.000	0.000	0.000	0.000	0.434	0.000	0.000	0.000	0.567	0.000	-0.288	0.000	0.000	0.413	-0.374	0.616	0.000	0.000	-0.518	-0.365	0.000	0.000	0.000	0.000	0.315	0.439	0.000	0.000	0.000	0.000	0.000	0.000	0.490	0.000	0.000	0.000	0.000	0.000	0.000	0.000	0.000	0.000	0.000	0.298	0.000	0.000	0.000	0.000	0.000	0.000	0.000
22p	-0.265	-0.358	0.000	0.000	0.000	0.000	-0.556	-0.436	0.087	0.000	0.000	-0.644	-0.252	-0.520	-0.335	-0.286	-0.586	0.000	-0.317	-0.618	-0.376	-0.429	0.000	-0.392	-0.586	-0.419	-0.767	-0.475	-0.311	0.000	-0.318	-0.779	-0.299	0.000	0.000	-0.314	-0.527	-0.349	-0.381	-0.411	-0.543	0.000	0.000	-0.763	-0.485	-0.558	-0.425	-0.636	-0.358	0.000	-0.268	-0.329
22q	-0.265	0.000	0.000	0.000	0.000	0.000	0.000	0.000	-0.574	0.000	0.000	-0.644	0.000	0.000	0.000	0.000	-0.318	0.000	0.000	-0.296	-0.376	-0.429	0.000	0.000	-0.586	-0.419	-0.255	-0.475	0.000	0.000	-0.318	-0.366	-0.299	0.000	0.000	-0.314	0.000	-0.349	0.000	-0.411	-0.289	0.000	0.000	-0.290	-0.485	-0.558	-0.425	-0.283	-0.358	0.000	0.000	0.000
Xp	-0.951	-0.831	0.000	-1.096	-0.302	-0.175	-1.027	0.000	-0.780	0.000	-0.911	-0.894	-0.942	0.000	-0.405	0.000	-0.788	-1.067	-0.882	-1.060	-0.945	0.000	0.000	-0.986	-0.666	-0.965	-1.104	-0.979	-0.627	-0.927	0.000	0.000	-0.939	0.476	0.000	-0.886	-0.824	-0.634	-0.315	-0.507	-1.094	0.000	-0.937	-0.283	-1.061	-1.165	-0.845	0.000	-1.035	0.000	-0.944	-0.365
Xq	-0.951	-0.831	0.000	-0.792	-0.302	0.426	-1.027	0.000	-0.780	0.000	-0.911	-0.282	-0.942	0.000	-0.405	0.000	-0.788	-1.067	-0.882	-1.060	-0.945	0.000	0.000	-0.986	-0.666	-0.965	-0.800	-0.979	-0.627	-0.927	0.000	0.000	-0.939	0.476	0.000	0.000	-0.824	-0.634	-0.315	0.000	-0.813	0.000	-0.937	-0.283	-0.788	-0.856	-0.845	0.000	-1.035	0.000	-0.944	-0.365
