sample,cval,dipLogR_flag,n_alternative_dipLogR,wgd,fga,n_dip_bal_segs,frac_dip_bal_segs,n_dip_imbal_segs,frac_dip_imbal_segs,n_amps,n_homdels,frac_homdels,n_homdels_clonal,frac_homdels_clonal,n_cn_states,n_segs,n_cnlr_clusters,n_lcn_na,n_loh,frac_loh,n_segs_subclonal,frac_segs_subclonal,n_segs_below_dipLogR,frac_below_dipLogR,n_segs_balanced_odd_tcn,frac_balanced_odd_tcn,n_segs_imbalanced_diploid_cn,frac_imbalanced_diploid_cn,n_segs_lcn_greater_mcn,frac_lcn_greater_mcn,n_snps,n_het_snps,frac_het_snps,n_snps_with_300x_in_tumor,n_het_snps_with_300x_in_tumor,n_het_snps_hom_in_tumor_1pct,n_het_snps_hom_in_tumor_5pct,frac_het_snps_hom_in_tumor_1pct,frac_het_snps_hom_in_tumor_5pct,mean_cnlr_residual,sd_cnlr_residual,n_segs_discordant_tcn,frac_discordant_tcn,n_segs_discordant_lcn,frac_discordant_lcn,n_segs_discordant_both,frac_discordant_both,n_segs_icn_cnlor_discordant,frac_icn_cnlor_discordant,mafr_median_all,mafr_median_clonal,mafr_n_gt_1
X1032,50,FALSE,0,FALSE,0.98,8,0.012,35,0.15,0,2,9.2e-05,2,9.2e-05,20,520,22,248,128,0.31,68,0.15,27,0.059,76,0.21,0,0,183,0.39,330596,13529,0.041,8548,416,0,0,0,0,-0.00097,0.26,15,0.014,1.1e+08,0.072,5,0.0063,40,0.087,0.063,0.078,36
X1032,25,FALSE,0,FALSE,1,0,0,19,0.0098,0,7,0.00014,7,0.00014,20,2928,28,2591,223,0.09,615,0.17,366,0.12,357,0.23,0,0,149,0.076,330596,13529,0.041,8548,416,0,0,0,0,-0.001,0.26,230,0.052,2.4e+07,0.065,10,0.065,54,0.031,0.098,0.042,272
X103,50,FALSE,0,FALSE,0.68,66,0.29,10,0.046,0,7,0.00082,6,0.00082,13,424,34,128,193,0.45,15,0.0073,196,0.39,32,0.13,2,0.00038,197,0.47,340760,14368,0.042,10030,528,34,316,0.0024,0.022,-0.013,0.31,30,0.016,9.1e+07,0.042,7,0.003,32,0.12,0.26,1.3,176
X103,25,FALSE,0,FALSE,0.97,55,0.035,10,0.0098,0,8,0.00084,0,0,13,2783,47,1663,988,0.39,0,0,1526,0.45,0,0,0,0,0,0,340760,14368,0.042,10030,528,34,316,0.0024,0.022,-0.013,0.3,0,0,0,0,0,0,0,0,0.53,NA,1276
X1040,50,FALSE,0,FALSE,0.74,40,0.19,9,0.032,6,3,0.00061,0,0,23,491,25,243,137,0.31,69,0.15,166,0.38,46,0.12,7,0.03,121,0.22,315499,12819,0.041,9677,549,0,0,0,0,-0.0066,0.25,50,0.12,2.8e+08,0.14,35,0.12,58,0.23,0.039,0.06,10
X1040,25,FALSE,0,FALSE,0.95,13,0.013,4,0.0045,6,13,3e-04,9,0.00011,21,2656,29,1855,686,0.27,575,0.23,1382,0.52,330,0.13,4,0.0014,435,0.17,315499,12819,0.041,9677,549,0,0,0,0,-0.0064,0.25,9,0.0053,6800000,0.0074,4,0.0074,235,0.099,0.028,0.053,43
X106,50,FALSE,0,FALSE,0.9,40,0.068,53,0.2,0,0,0,0,0,13,488,13,243,124,0.34,190,0.49,88,0.14,32,0.033,0,0,42,0.072,330350,13520,0.041,8183,458,0,0,0,0,-0.014,0.28,10,0.03,2.2e+08,0.14,7,0.037,16,0.018,0.0087,0.0013,3
X106,25,FALSE,0,FALSE,0.96,23,0.018,27,0.02,0,6,6.8e-05,0,0,12,2631,20,2123,359,0.11,0,0,1229,0.51,0,0,0,0,0,0,330350,13520,0.041,8183,458,0,0,0,0,-0.014,0.27,0,0,0,0,0,0,0,0,0.014,NA,14
X1097,50,FALSE,0,FALSE,0.94,22,0.04,11,0.0075,0,10,0.0099,7,5e-04,21,1093,48,596,251,0.29,196,0.15,318,0.46,108,0.17,3,0.00073,272,0.33,352735,15725,0.045,11421,788,41,392,0.0026,0.025,-0.0062,0.3,109,0.09,4e+07,0.028,17,0.027,67,0.11,0.021,0.33,253
X1097,25,FALSE,0,FALSE,0.99,7,0.0023,2,0.0012,0,11,0.004,0,0,18,4022,54,3254,578,0.21,0,0,1210,0.49,0,0,0,0,0,0,352735,15725,0.045,11421,788,41,392,0.0026,0.025,-0.0065,0.29,0,0,0,0,0,0,0,0,0.083,NA,1088
X1098,50,TRUE,0,TRUE,0.95,0,0,1,0.0099,25,1,1.5e-05,1,1.5e-05,41,519,46,290,51,0.089,46,0.078,10,0.0082,70,0.19,2,0.0053,140,0.33,335939,14442,0.043,8010,508,284,1534,0.02,0.11,-0.0056,0.29,68,0.12,2.4e+08,0.17,14,0.1,26,0.072,0.14,0.14,131
X1098,25,TRUE,0,FALSE,1,0,0,2,0.0034,79,1,1.5e-05,1,1.5e-05,36,2975,55,2726,57,0.02,276,0.075,45,0.018,540,0.3,1,8.4e-05,106,0.063,335939,14442,0.043,8010,508,284,1534,0.02,0.11,-0.0055,0.28,430,0.13,2.9e+07,0.098,14,0.098,13,0.012,0.15,0.13,790
X1172,50,FALSE,0,FALSE,0.82,34,0.13,14,0.022,0,4,0.00019,4,0.00019,13,583,42,223,245,0.43,38,0.046,285,0.51,60,0.18,0,0,254,0.49,345688,14904,0.043,9671,640,473,2529,0.032,0.17,-0.0081,0.28,22,0.014,8.2e+07,0.044,2,0.0018,47,0.16,0.18,1,225
X1172,25,FALSE,0,FALSE,0.97,16,0.014,8,0.0055,0,4,0.00019,4,0.00019,13,3014,54,1737,1146,0.39,252,0.057,1699,0.73,132,0.19,0,0,1113,0.39,345688,14904,0.043,9671,640,473,2529,0.032,0.17,-0.0077,0.28,66,0.0085,1e+07,0.0087,0,0,88,0.16,1.1,4.7,1503
X1177,50,FALSE,0,FALSE,0.87,24,0.025,8,0.0017,0,5,9.9e-05,5,9.9e-05,19,860,42,508,166,0.12,144,0.11,170,0.36,46,0.18,81,0.15,177,0.2,324800,14261,0.044,10514,668,9603,9176,0.67,0.64,-0.0028,0.29,61,0.025,8.6e+08,0.72,14,0.0084,91,0.16,2.9,3.9,536
X1177,25,FALSE,0,FALSE,0.99,5,0.0016,2,0.00043,0,4,6.5e-05,4,6.5e-05,17,3089,48,2880,90,0.027,623,0.21,731,0.39,140,0.12,28,0.017,78,0.041,324800,14261,0.044,10514,668,9603,9176,0.67,0.64,-0.0029,0.28,187,0.049,1.1e+08,0.58,13,0.075,38,0.018,5.3,5.9,2023
X1192,50,FALSE,0,FALSE,0.94,13,0.019,25,0.024,10,1,7.6e-06,1,7.6e-06,27,604,46,356,72,0.096,40,0.071,93,0.21,66,0.15,0,0,146,0.32,350705,14756,0.042,10564,486,31,124,0.0021,0.0084,-0.014,0.28,35,0.07,1.8e+08,0.13,7,0.06,9,0.018,0.044,0.03,123
X1192,25,FALSE,0,FALSE,0.99,8,0.0019,7,0.0016,14,1,7.7e-06,0,0,29,3168,64,2858,113,0.038,0,0,660,0.25,0,0,0,0,0,0,350705,14756,0.042,10564,486,31,124,0.0021,0.0084,-0.014,0.28,0,0,0,0,0,0,0,0,0.074,NA,688
X1196,50,FALSE,0,FALSE,1,0,0,1,5.6e-05,1,7,0.00029,7,0.00029,23,966,50,553,223,0.19,431,0.56,318,0.35,25,0.0043,0,0,226,0.23,354143,14959,0.042,10084,666,9540,9299,0.64,0.62,-0.0028,0.3,383,0.49,8.9e+08,0.68,38,0.11,9,3e-04,5.7,8.7,655
X1196,25,FALSE,0,FALSE,1,0,0,1,5.7e-05,0,8,0.00029,0,0,20,3372,60,3155,151,0.045,0,0,1074,0.34,0,0,0,0,0,0,354143,14959,0.042,10084,666,9540,9299,0.64,0.62,-0.003,0.3,0,0,0,0,0,0,0,0,9,NA,2435
X119,50,FALSE,0,FALSE,0.99,1,0.013,8,0.013,6,6,0.0022,6,0.0022,30,716,56,436,110,0.14,133,0.14,59,0.067,86,0.19,0,0,190,0.33,344151,14827,0.043,10150,548,473,2611,0.032,0.18,-0.02,0.31,74,0.056,2.2e+07,0.018,4,0.014,12,0.018,0.22,0.25,234
X119,25,FALSE,0,FALSE,1,0,0,5,0.0035,8,5,0.00054,5,0.00054,27,3069,62,2750,137,0.065,819,0.28,224,0.096,277,0.23,0,0,140,0.083,344151,14827,0.043,10150,548,473,2611,0.032,0.18,-0.019,0.31,773,0.22,2.5e+07,0.074,28,0.074,18,0.018,0.47,0.43,1185
X120,50,FALSE,0,FALSE,0.84,31,0.056,13,0.013,0,1,0.00022,0,0,16,753,32,301,295,0.41,75,0.071,343,0.62,80,0.19,0,0,292,0.43,345696,14637,0.042,8648,535,0,51,0,0.0035,-0.0037,0.27,31,0.041,1.1e+08,0.06,5,0.03,61,0.18,0.079,0.49,240
X120,25,FALSE,0,FALSE,0.98,13,0.0054,6,0.0013,0,1,0.0015,0,0,13,3252,41,2126,996,0.37,0,0,1512,0.65,0,0,0,0,0,0,345696,14637,0.042,8648,535,0,51,0,0.0035,-0.0035,0.27,0,0,0,0,0,0,0,0,0.26,NA,1132
X1230,50,FALSE,0,FALSE,0.94,0,0,0,0,25,11,0.001,9,0.00089,38,1008,57,633,267,0.26,200,0.28,96,0.12,32,0.054,24,0.045,271,0.29,327311,13405,0.041,11048,739,8439,8178,0.63,0.61,-0.0024,0.3,166,0.18,4.5e+08,0.41,65,0.24,33,0.047,4.1,4.9,717
X1230,25,FALSE,0,FALSE,1,0,0,0,0,66,8,0.00032,0,0,23,3361,63,3164,127,0.039,0,0,244,0.12,0,0,0,0,0,0,327311,13405,0.041,11048,739,8439,8178,0.63,0.61,-0.0025,0.3,0,0,0,0,0,0,0,0,6.4,NA,2495
X1237,50,FALSE,0,FALSE,0.98,1,8.5e-05,20,0.0096,40,8,0.00023,8,0.00023,36,1078,67,700,281,0.26,140,0.097,323,0.38,91,0.12,13,0.026,299,0.36,336777,13874,0.041,18251,871,8612,9593,0.62,0.69,-0.0083,0.31,72,0.085,4.4e+08,0.39,26,0.1,33,0.038,6,6.1,714
X1237,25,FALSE,0,FALSE,1,1,2.3e-05,12,0.006,79,8,0.00024,0,0,29,3365,79,3101,206,0.063,0,0,1056,0.38,0,0,0,0,0,0,336777,13874,0.041,18251,871,8612,9593,0.62,0.69,-0.008,0.3,0,0,0,0,0,0,0,0,11,NA,2524
X1265,50,FALSE,0,FALSE,0.69,46,0.28,0,0,0,6,0.00025,6,0.00025,14,480,37,173,178,0.35,20,0.0053,197,0.39,36,0.12,1,0.00058,189,0.41,336318,14946,0.044,9907,616,179,952,0.012,0.064,-0.0014,0.26,10,0.0014,1e+08,0.051,4,0.00041,30,0.12,0.094,0.48,164
X1265,25,FALSE,0,FALSE,0.93,44,0.06,1,3.5e-05,0,6,0.00025,6,0.00025,13,2757,50,1598,989,0.35,179,0.01,1694,0.81,102,0.15,0,0,929,0.36,336318,14946,0.044,9907,616,179,952,0.012,0.064,-0.0011,0.26,68,0.0041,6100000,0.005,12,0.005,77,0.15,0.17,3.5,1005
X1269,50,FALSE,0,FALSE,0.89,1,0.00012,14,0.013,9,7,3e-04,6,0.00026,30,1206,66,769,255,0.19,287,0.27,446,0.36,68,0.045,91,0.12,183,0.15,334308,13508,0.04,9017,446,8514,7906,0.63,0.59,-0.003,0.31,182,0.15,5.5e+08,0.51,71,0.2,107,0.13,1.9,2.8,645
X1269,25,FALSE,0,FALSE,0.99,0,0,2,0.00054,11,6,3e-04,5,0.00026,23,3584,69,2951,515,0.11,912,0.3,1464,0.38,104,0.037,21,0.011,303,0.052,334308,13508,0.04,9017,446,8514,7906,0.63,0.59,-0.0025,0.3,510,0.14,1.3e+08,0.29,128,0.22,65,0.024,4.6,4.4,2176
X1283,50,FALSE,0,FALSE,0.81,35,0.13,4,0.018,0,6,0.0038,4,0.0019,18,553,37,215,189,0.37,73,0.081,221,0.45,63,0.14,1,0.00019,190,0.36,343039,16770,0.049,9588,718,5,26,3e-04,0.0016,-0.0018,0.33,32,0.037,5e+07,0.029,10,0.029,41,0.12,0.049,0.23,131
X1283,25,FALSE,0,FALSE,0.94,13,0.0096,0,0,0,14,0.0039,12,0.0024,22,2813,53,1671,923,0.32,380,0.078,1463,0.61,181,0.15,1,0.00011,722,0.28,343039,16770,0.049,9588,718,5,26,3e-04,0.0016,-0.0019,0.33,163,0.036,1.8e+07,0.016,6,0.016,88,0.13,0.15,0.61,723
X128,50,FALSE,0,FALSE,0.97,0,0,0,0,7,5,0.00014,5,0.00014,31,900,48,545,119,0.13,158,0.26,19,0.0027,62,0.13,66,0.075,189,0.22,324837,14261,0.044,6952,448,9073,8617,0.64,0.6,-0.0053,0.29,196,0.27,8.1e+08,0.67,72,0.22,71,0.076,1.9,2.1,531
X128,25,FALSE,0,FALSE,1,0,0,0,0,15,5,0.00014,0,0,27,3044,55,2856,111,0.066,0,0,21,0.0027,0,0,0,0,0,0,324837,14261,0.044,6952,448,9073,8617,0.64,0.6,-0.005,0.28,0,0,0,0,0,0,0,0,3,NA,1951
X1326,50,FALSE,0,FALSE,0.53,86,0.4,16,0.063,0,3,0.00027,3,0.00027,11,417,27,148,139,0.21,20,0.0036,123,0.14,17,0.019,1,0.00066,133,0.21,343425,14674,0.043,7576,404,23,150,0.0016,0.01,-0.0083,0.28,16,0.0055,8.7e+07,0.047,2,0.00056,19,0.016,0.038,0.038,141
X1326,25,FALSE,0,FALSE,0.9,68,0.082,15,0.0057,0,3,0.00027,3,0.00027,11,2816,37,2012,633,0.15,85,0.004,1868,0.85,45,0.051,0,0,575,0.15,343425,14674,0.043,7576,404,23,150,0.0016,0.01,-0.0079,0.28,67,0.0044,730000,0.0011,2,0.0011,40,0.061,0.049,2.1,874
X1341,50,FALSE,0,FALSE,0.81,18,0.027,1,0.0022,0,15,0.015,10,0.012,18,798,38,424,179,0.18,133,0.15,362,0.57,44,0.04,3,0.0026,155,0.13,306135,12453,0.041,8209,452,28,455,0.0022,0.037,0.0013,0.27,53,0.042,3.7e+07,0.029,12,0.015,43,0.05,0,0.091,114
X1341,25,FALSE,0,FALSE,0.97,11,0.0047,1,0.00035,0,11,0.0049,0,0,12,3207,44,2639,408,0.096,0,0,1476,0.61,0,0,0,0,0,0,306135,12453,0.041,8209,452,28,455,0.0022,0.037,0.0013,0.26,0,0,0,0,0,0,0,0,0,NA,486
X1364,50,FALSE,0,FALSE,1,0,0,23,0.11,0,3,0.00015,2,6.1e-05,26,484,28,261,131,0.28,76,0.11,25,0.028,27,0.079,0,0,155,0.34,310756,12812,0.041,8071,460,0,1,0,7.8e-05,0.017,0.33,66,0.078,6.6e+07,0.048,3,0.0024,9,0.0049,0.41,0.42,152
X1364,25,FALSE,0,FALSE,1,0,0,12,0.0082,3,3,0.00015,2,6.1e-05,26,2617,38,2368,130,0.057,286,0.076,408,0.16,155,0.11,0,0,105,0.06,310756,12812,0.041,8071,460,0,1,0,7.8e-05,0.016,0.32,305,0.097,5200000,0.021,7,0.021,6,0.0022,0.5,0.1,880
X137,50,FALSE,0,TRUE,0.88,0,0,1,0.00088,0,3,0.00019,3,0.00019,26,439,31,233,75,0.26,21,0.046,9,0.0082,36,0.067,0,0,120,0.45,339261,14166,0.042,9236,613,5,22,0.00035,0.0016,-0.0058,0.26,34,0.049,2.1e+08,0.13,4,0.0025,2,0.0054,0.099,0.091,127
X137,25,FALSE,0,FALSE,1,0,0,0,0,5,4,0.00019,3,0.00019,24,2787,44,2544,73,0.045,311,0.078,202,0.033,159,0.076,0,0,108,0.081,339261,14166,0.042,9236,613,5,22,0.00035,0.0016,-0.0053,0.26,358,0.11,5900000,0.018,14,0.018,4,0.0064,0.22,0.074,906
X1410,50,FALSE,0,FALSE,0.89,32,0.1,34,0.05,7,0,0,0,0,30,885,46,593,93,0.13,46,0.02,87,0.11,178,0.22,1,0.0011,179,0.25,341478,14803,0.043,12080,572,2114,3062,0.14,0.21,-0.0031,0.29,38,0.017,2300000,0.002,3,0.002,14,0.025,0,0.0021,204
X1410,25,FALSE,0,FALSE,0.97,22,0.025,18,0.0079,14,0,0,0,0,28,3235,64,2820,222,0.066,250,0.031,927,0.39,321,0.23,2,0.0027,257,0.09,341478,14803,0.043,12080,572,2114,3062,0.14,0.21,-0.0033,0.29,88,0.0071,190000,0.00048,4,0.00048,22,0.022,0.26,0.31,997
X1419,50,FALSE,0,FALSE,0.85,46,0.087,14,0.0074,0,7,0.00025,7,0.00025,11,572,42,227,215,0.45,78,0.087,287,0.66,42,0.084,1,0.00033,218,0.47,334448,14052,0.042,10122,612,231,1244,0.016,0.089,-0.0078,0.29,22,0.011,4.2e+07,0.022,13,0.012,29,0.072,0.11,1.1,208
X1419,25,FALSE,0,FALSE,0.97,22,0.0091,3,0.00073,0,7,0.00025,7,0.00025,10,2873,50,1733,1008,0.43,256,0.061,1666,0.73,107,0.12,0,0,976,0.43,334448,14052,0.042,10122,612,231,1244,0.016,0.089,-0.0074,0.28,36,0.0023,4500000,0.0035,7,0.0035,63,0.093,0.23,3.7,1157
X1471,50,FALSE,0,FALSE,0.95,2,0.00074,13,0.031,1,9,0.00022,9,0.00022,14,945,53,404,479,0.5,43,0.015,661,0.82,58,0.17,32,0.052,449,0.5,324791,14261,0.044,10432,606,9616,9631,0.67,0.68,-0.0039,0.3,48,0.047,1.7e+08,0.11,9,0.029,72,0.18,6.4,7.7,648
X1471,25,FALSE,0,FALSE,0.99,5,0.0093,1,6.9e-05,1,9,0.00022,9,0.00022,12,3144,58,1882,1183,0.37,162,0.017,2151,0.81,116,0.2,11,0.012,1101,0.36,324791,14261,0.044,10432,606,9616,9631,0.67,0.68,-0.0037,0.3,56,0.025,7.6e+07,0.069,32,0.046,91,0.18,11,11,2419
X1499,50,FALSE,0,FALSE,0.74,93,0.27,1,9.6e-05,0,6,0.00021,6,0.00021,14,499,29,163,186,0.33,52,0.017,193,0.35,23,0.1,2,0.0024,165,0.37,324688,13514,0.042,10056,553,0,2,0,0.00015,0.0011,0.26,36,0.012,2.3e+07,0.013,16,0.0031,25,0.09,0.04,0.17,108
X1499,25,FALSE,0,FALSE,0.97,37,0.019,0,0,0,7,0.00027,0,0,12,2761,40,1721,886,0.33,0,0,1406,0.45,0,0,0,0,0,0,324688,13514,0.042,10056,553,0,2,0,0.00015,0.0014,0.26,0,0,0,0,0,0,0,0,0.044,NA,545
X1530,50,FALSE,0,FALSE,1,1,0.0012,1,0.00022,1,6,0.001,6,0.001,27,1295,50,898,246,0.2,168,0.15,42,0.029,119,0.18,23,0.021,262,0.23,337715,14166,0.042,9205,534,8322,8704,0.59,0.61,-0.003,0.31,201,0.18,3.1e+08,0.35,46,0.18,34,0.025,3.6,3.6,803
X1530,25,FALSE,0,FALSE,1,0,0,0,0,3,7,0.001,0,0,23,3739,63,3553,82,0.042,0,0,93,0.03,0,0,0,0,0,0,337715,14166,0.042,9205,534,8322,8704,0.59,0.61,-0.0028,0.31,0,0,0,0,0,0,0,0,5.9,NA,2464
X1548,50,FALSE,0,FALSE,0.69,63,0.2,3,0.00051,0,17,0.0058,10,0.00047,11,513,43,186,217,0.41,21,0.022,300,0.59,50,0.084,2,0.00091,196,0.39,336944,14061,0.042,5785,282,124,223,0.0088,0.016,-0.019,0.32,7,0.001,1.7e+08,0.084,3,0.00094,36,0.082,0.021,0.36,175
X1548,25,FALSE,0,FALSE,0.95,17,0.0089,2,1.6e-05,0,15,0.0024,0,0,10,2804,51,1457,1226,0.4,0,0,2110,0.9,0,0,0,0,0,0,336944,14061,0.042,5785,282,124,223,0.0088,0.016,-0.018,0.32,0,0,0,0,0,0,0,0,0.13,NA,1125
X1552,50,FALSE,0,FALSE,0.95,1,0.00037,12,0.074,0,5,0.00013,5,0.00013,22,339,36,162,56,0.18,51,0.13,31,0.034,44,0.15,0,0,106,0.33,347979,20371,0.059,7665,638,46,228,0.0023,0.011,-0.0087,0.3,41,0.053,4.8e+07,0.033,2,0.0052,9,0.015,0.054,0.12,70
X1552,25,FALSE,0,FALSE,0.99,4,0.0016,48,0.044,0,5,0.00013,5,0.00013,22,2247,44,1744,176,0.098,227,0.068,221,0.079,209,0.2,3,0.001,282,0.16,347979,20371,0.059,7665,638,46,228,0.0023,0.011,-0.0085,0.29,218,0.038,1.4e+07,0.02,24,0.02,25,0.025,0.17,0.12,626
X1568,50,FALSE,0,FALSE,0.94,10,0.032,20,0.036,0,1,0.00024,0,0,24,532,40,272,111,0.24,111,0.23,55,0.17,57,0.15,1,3.4e-05,132,0.26,344084,14913,0.043,10098,492,12,78,8e-04,0.0052,-0.0097,0.28,77,0.17,2e+08,0.13,25,0.12,9,0.02,0.14,0.21,122
X1568,25,FALSE,0,FALSE,0.98,8,0.01,14,0.0064,0,0,0,0,0,21,2986,45,2617,207,0.12,699,0.18,421,0.19,258,0.19,0,0,204,0.1,344084,14913,0.043,10098,492,12,78,8e-04,0.0052,-0.0098,0.28,425,0.11,7.7e+07,0.15,24,0.13,16,0.021,0.28,0.23,861
X1580,50,FALSE,0,FALSE,0.95,4,0.037,29,0.057,1,4,9.9e-05,4,9.9e-05,23,683,40,410,120,0.15,32,0.025,104,0.073,91,0.23,1,0.001,202,0.34,312462,12828,0.041,9497,527,140,1018,0.011,0.079,-0.011,0.29,49,0.038,3.9e+07,0.032,3,0.032,6,0.0084,0.32,0.31,222
X1580,25,FALSE,0,FALSE,1,3,0.0038,34,0.016,5,4,1e-04,0,0,22,2844,58,2540,177,0.05,0,0,825,0.28,0,0,0,0,0,0,312462,12828,0.041,9497,527,140,1018,0.011,0.079,-0.01,0.28,0,0,0,0,0,0,0,0,0.46,NA,1104
X1582,50,FALSE,0,FALSE,0.71,27,0.091,0,0,0,0,0,0,0,12,606,35,280,149,0.23,40,0.02,273,0.6,52,0.14,1,0.00014,180,0.31,329174,13989,0.042,10795,632,68,392,0.0049,0.028,-0.005,0.28,38,0.058,2.5e+08,0.14,19,0.061,33,0.12,0.027,0.21,134
X1582,25,FALSE,0,FALSE,0.96,16,0.013,0,0,0,3,0.0034,0,0,13,2933,43,2061,710,0.22,0,0,1488,0.64,0,0,0,0,0,0,329174,13989,0.042,10795,632,68,392,0.0049,0.028,-0.0046,0.28,0,0,0,0,0,0,0,0,0.11,NA,861
X1593,50,FALSE,0,TRUE,0.97,4,0.009,16,0.019,12,3,2.4e-05,2,2.3e-05,32,547,36,294,140,0.37,79,0.14,29,0.036,62,0.21,0,0,190,0.46,346492,14208,0.041,11207,629,1,33,7e-05,0.0023,-0.016,0.29,92,0.12,3.4e+08,0.23,10,0.062,5,0.03,0.34,0.43,122
X1593,25,FALSE,0,FALSE,1,6,0.0022,3,0.00088,47,2,2.3e-05,2,2.3e-05,34,2916,41,2682,105,0.07,653,0.27,289,0.066,209,0.21,1,6.4e-05,90,0.069,346492,14208,0.041,11207,629,1,33,7e-05,0.0023,-0.015,0.29,683,0.18,7900000,0.026,41,0.026,12,0.018,0.42,0.49,807
X1605,50,FALSE,0,FALSE,0.92,8,0.028,4,0.027,4,1,1e-04,1,1e-04,28,641,42,386,72,0.12,86,0.2,38,0.05,85,0.16,0,0,142,0.26,314289,13052,0.042,5737,336,5,22,0.00038,0.0017,-0.01,0.31,86,0.079,7900000,0.0068,1,3e-05,15,0.038,0.056,0.075,128
X1605,25,FALSE,0,FALSE,0.99,1,0.0019,0,0,9,3,0.00015,0,0,25,3077,48,2807,98,0.025,0,0,306,0.14,0,0,0,0,0,0,314289,13052,0.042,5737,336,5,22,0.00038,0.0017,-0.01,0.3,0,0,0,0,0,0,0,0,0.12,NA,652
X1634,50,FALSE,0,FALSE,0.62,45,0.38,5,0.046,0,7,0.0032,5,0.00078,8,173,14,43,72,0.44,24,0.086,73,0.4,17,0.13,0,0,53,0.42,326936,18692,0.057,4347,350,1,0,5.3e-05,0,-0.0014,0.27,4,3e-04,7.7e+07,0.031,2,0.00014,19,0.13,0.00058,0.0028,0
X1634,25,FALSE,0,FALSE,0.84,116,0.1,8,0.0088,0,27,0.0033,0,0,10,1727,22,852,596,0.42,0,0,1147,0.85,0,0,0,0,0,0,326936,18692,0.057,4347,350,1,0,5.3e-05,0,-0.001,0.27,0,0,0,0,0,0,0,0,0.011,NA,15
X1652,50,FALSE,0,FALSE,0.98,10,0.018,32,0.093,0,0,0,0,0,22,635,19,354,159,0.29,57,0.042,61,0.076,91,0.2,0,0,202,0.4,356079,14931,0.042,7800,411,0,0,0,0,0.0022,0.26,56,0.099,1.5e+08,0.11,33,0.11,35,0.09,0.083,0.15,45
X1652,25,FALSE,0,FALSE,1,0,0,20,0.018,1,5,7.1e-05,0,0,19,3381,27,2984,286,0.1,0,0,549,0.13,0,0,0,0,0,0,356079,14931,0.042,7800,411,0,0,0,0,0.0019,0.26,0,0,0,0,0,0,0,0,0.12,NA,288
X1677,50,FALSE,0,FALSE,0.72,70,0.2,26,0.11,0,2,0.0042,0,0,14,427,16,176,132,0.32,75,0.15,113,0.19,24,0.086,4,0.015,96,0.21,323526,13434,0.042,8627,490,0,0,0,0,-0.0049,0.25,12,0.021,2.1e+08,0.12,4,0.0046,42,0.13,0.024,0.029,2
X1677,25,FALSE,0,FALSE,0.94,41,0.04,16,0.011,1,3,8.2e-06,0,0,14,2582,22,1902,539,0.17,0,0,1014,0.28,0,0,0,0,0,0,323526,13434,0.042,8627,490,0,0,0,0,-0.005,0.25,0,0,0,0,0,0,0,0,0.01,NA,13
X1689,50,FALSE,0,FALSE,0.99,4,0.012,12,0.034,3,5,0.0049,3,4.9e-05,32,765,40,459,131,0.2,130,0.16,134,0.18,102,0.21,1,0.00012,199,0.33,334652,14555,0.043,7512,473,4,7,0.00027,0.00048,-0.0073,0.27,144,0.14,9.8e+07,0.073,31,0.045,28,0.072,0.1,0.11,191
X1689,25,FALSE,0,FALSE,1,5,0.0027,7,0.0021,10,4,5.2e-05,0,0,25,3136,48,2803,173,0.076,0,0,472,0.19,0,0,0,0,0,0,334652,14555,0.043,7512,473,4,7,0.00027,0.00048,-0.0071,0.27,0,0,0,0,0,0,0,0,0.14,NA,809
X1718,50,FALSE,0,FALSE,0.79,27,0.16,16,0.039,0,1,1.3e-05,1,1.3e-05,18,378,17,170,88,0.22,69,0.23,68,0.17,49,0.11,5,0.0064,96,0.24,321680,18140,0.056,5496,357,0,1,0,5.5e-05,-0.0033,0.27,19,0.033,7.4e+07,0.048,12,0.048,27,0.051,0.024,0.049,14
X1718,25,FALSE,0,FALSE,0.87,66,0.071,14,0.0056,0,4,5.3e-05,4,5.3e-05,16,2082,24,1446,377,0.16,356,0.19,609,0.27,185,0.11,8,0.0078,219,0.089,321680,18140,0.056,5496,357,0,1,0,5.5e-05,-0.0033,0.26,39,0.014,2e+07,0.022,21,0.022,82,0.047,0.036,0.071,78
X1751,50,FALSE,0,FALSE,0.96,16,0.034,15,0.023,0,1,0.00074,1,0.00074,21,606,27,343,87,0.15,135,0.27,92,0.2,69,0.16,0,0,138,0.26,328146,13946,0.042,5278,286,0,0,0,0,-7e-04,0.29,90,0.096,1.2e+08,0.094,10,0.038,25,0.054,0.045,0.079,53
X1751,25,FALSE,0,FALSE,1,6,0.0018,3,0.0017,0,10,0.00056,2,4e-04,21,3003,34,2631,213,0.061,1065,0.38,530,0.23,356,0.15,1,0.00015,107,0.049,328146,13946,0.042,5278,286,0,0,0,0,-0.00077,0.28,924,0.26,3.6e+07,0.11,13,0.11,19,0.0079,0.074,0.057,371
X1851,50,FALSE,0,FALSE,1,0,0,19,0.04,1,8,0.00037,8,0.00037,22,619,49,340,152,0.25,63,0.056,94,0.16,36,0.076,0,0,206,0.39,308780,12949,0.042,5636,298,330,2248,0.025,0.17,-0.0012,0.31,51,0.047,1.1e+08,0.084,6,0.0024,13,0.028,0.36,0.36,248
X1851,25,FALSE,0,FALSE,1,0,0,12,0.0086,1,8,0.00037,0,0,20,3111,55,2803,179,0.066,0,0,522,0.18,0,0,0,0,0,0,308780,12949,0.042,5636,298,330,2248,0.025,0.17,-0.00072,0.31,0,0,0,0,0,0,0,0,1.3,NA,1565
X1922,50,FALSE,0,FALSE,0.96,0,0,0,0,0,5,0.00094,5,0.00094,23,867,40,514,203,0.23,109,0.14,24,0.052,54,0.11,73,0.13,214,0.28,324780,14262,0.044,8697,502,9244,8982,0.65,0.63,-0.0019,0.29,169,0.21,6.5e+08,0.5,33,0.091,79,0.15,2.9,3.5,550
X1922,25,FALSE,0,FALSE,1,0,0,0,0,1,5,0.00095,5,0.00095,22,3083,50,2887,114,0.064,782,0.19,65,0.06,181,0.16,1,0.0031,102,0.056,324780,14262,0.044,8697,502,9244,8982,0.65,0.63,-0.0018,0.28,389,0.11,7.4e+07,0.33,17,0.21,3,0.0033,4.1,4.2,2038
X1928,50,FALSE,0,FALSE,0.72,62,0.2,10,0.042,0,7,0.0025,6,0.00028,13,498,33,172,185,0.3,24,0.0083,179,0.24,38,0.13,4,0.0034,185,0.35,333660,14124,0.042,6122,400,9,69,0.00064,0.0049,-0.0014,0.27,14,0.015,5.2e+07,0.03,3,0.0039,36,0.091,0.043,0.13,159
X1928,25,FALSE,0,FALSE,0.95,35,0.029,3,0.0032,0,7,0.00029,0,0,12,2819,47,1864,800,0.25,0,0,1490,0.62,0,0,0,0,0,0,333660,14124,0.042,6122,400,9,69,0.00064,0.0049,-0.0011,0.27,0,0,0,0,0,0,0,0,0.1,NA,934
X1979,50,FALSE,0,FALSE,0.98,2,0.0016,1,0.00018,9,6,0.0095,6,0.0095,32,1062,48,706,150,0.11,237,0.16,15,0.012,90,0.2,31,0.052,215,0.2,324794,14260,0.044,5562,334,9584,8847,0.67,0.62,-0.0071,0.33,200,0.12,5.8e+08,0.62,47,0.13,35,0.052,1.7,2,596
X1979,25,FALSE,0,FALSE,1,0,0,1,0.001,11,6,0.0096,0,0,25,3383,53,3204,97,0.066,0,0,55,0.023,0,0,0,0,0,0,324794,14260,0.044,5562,334,9584,8847,0.67,0.62,-0.0069,0.32,0,0,0,0,0,0,0,0,3.5,NA,2136
X2090,50,FALSE,0,FALSE,0.69,3,0.0068,1,0.00019,3,10,0.00056,10,0.00056,21,788,54,403,168,0.16,168,0.16,385,0.55,33,0.056,157,0.29,136,0.14,324840,14264,0.044,4501,297,8712,8734,0.61,0.61,-0.0042,0.31,195,0.26,1e+09,0.69,115,0.4,180,0.32,2.5,3.6,498
X2090,25,FALSE,0,FALSE,0.94,4,0.0021,0,0,3,13,0.00081,13,0.00081,19,3084,62,2464,499,0.15,761,0.18,1554,0.55,81,0.069,64,0.061,204,0.074,324840,14264,0.044,4501,297,8712,8734,0.61,0.61,-0.0036,0.3,327,0.1,1.8e+08,0.31,49,0.24,96,0.092,4.8,5.2,2137
X2120,50,FALSE,0,TRUE,0.76,13,0.035,15,0.016,7,4,0.00027,4,0.00027,33,484,49,246,58,0.073,52,0.053,26,0.012,28,0.096,0,0,114,0.28,343927,14190,0.041,14337,709,647,1709,0.046,0.12,-0.058,0.41,39,0.012,2.8e+08,0.18,4,0.0036,5,0.00062,0.091,0.083,123
X2120,25,FALSE,0,FALSE,0.99,10,0.0052,10,0.0038,19,4,0.00027,4,0.00027,30,2938,62,2680,105,0.02,400,0.06,268,0.031,204,0.18,0,0,81,0.04,343927,14190,0.041,14337,709,647,1709,0.046,0.12,-0.057,0.4,363,0.048,9800000,0.04,57,0.04,8,0.0031,0.092,0.052,734
X2152,50,FALSE,0,FALSE,0.99,3,0.0032,12,0.032,1,8,0.00023,6,0.00018,26,722,44,421,155,0.23,81,0.07,77,0.061,80,0.17,0,0,215,0.35,333883,14338,0.043,7426,411,6,58,0.00042,0.004,0.00018,0.29,62,0.06,1.3e+07,0.011,10,0.011,8,0.0051,0.28,0.33,264
X2152,25,FALSE,0,FALSE,1,3,0.0013,11,0.0069,1,11,0.00044,6,0.00014,25,3091,51,2748,208,0.055,314,0.068,401,0.083,249,0.19,0,0,177,0.068,333883,14338,0.043,7426,411,6,58,0.00042,0.004,0.00014,0.28,95,0.026,1.2e+07,0.045,36,0.045,7,0.0015,0.51,0.42,1262
X2176,50,FALSE,0,FALSE,0.76,55,0.2,22,0.097,0,3,0.006,1,0.0017,12,397,18,120,164,0.56,30,0.043,154,0.47,48,0.17,0,0,146,0.48,335337,14505,0.043,3491,224,0,0,0,0,-0.0095,0.29,9,0.0046,1.6e+08,0.071,2,0.00092,41,0.16,0.021,0.03,6
X2176,25,FALSE,0,FALSE,0.95,36,0.027,7,0.0049,0,72,0.005,0,0,11,2708,21,1620,942,0.47,0,0,1743,0.77,0,0,0,0,0,0,335337,14505,0.043,3491,224,0,0,0,0,-0.0093,0.29,0,0,0,0,0,0,0,0,0.016,NA,53
X2212,50,FALSE,0,FALSE,0.99,1,0.00026,54,0.019,1,7,0.0043,7,0.0043,23,1158,58,718,337,0.33,176,0.17,444,0.51,79,0.1,10,0.009,352,0.37,324829,14261,0.044,10358,604,9500,9141,0.67,0.64,-0.0011,0.3,160,0.17,3e+08,0.26,26,0.059,45,0.055,4.5,5.3,764
X2212,25,FALSE,0,FALSE,1,0,0,11,0.0024,1,10,0.0045,0,0,21,3342,61,2928,335,0.16,0,0,1373,0.53,0,0,0,0,0,0,324829,14261,0.044,10358,604,9500,9141,0.67,0.64,-0.00089,0.29,0,0,0,0,0,0,0,0,6.6,NA,2418
X2316,50,FALSE,0,FALSE,0.85,25,0.11,8,0.0083,0,18,0.0057,10,0.0033,13,414,24,132,187,0.48,56,0.024,203,0.52,39,0.15,0,0,161,0.5,327235,14283,0.044,6869,430,0,0,0,0,-0.0073,0.29,22,0.016,1.7e+07,0.0087,8,0.0087,38,0.14,0.032,0.13,9
X2316,25,FALSE,0,FALSE,0.97,28,0.021,3,0.00082,0,55,0.0042,0,0,13,2819,32,1585,1102,0.44,0,0,1522,0.54,0,0,0,0,0,0,327235,14283,0.044,6869,430,0,0,0,0,-0.0064,0.29,0,0,0,0,0,0,0,0,0.072,NA,149
X2354,50,FALSE,0,FALSE,0.95,14,0.03,19,0.038,1,1,0.00056,1,0.00056,27,676,29,383,87,0.18,135,0.17,67,0.077,91,0.22,0,0,163,0.28,332610,13954,0.042,8453,467,0,0,0,0,-0.009,0.28,134,0.19,1.9e+08,0.15,36,0.1,29,0.043,0.025,0.05,55
X2354,25,FALSE,0,FALSE,0.99,2,0.0011,13,0.007,2,3,0.00057,0,0,20,3075,34,2703,207,0.064,0,0,558,0.16,0,0,0,0,0,0,332610,13954,0.042,8453,467,0,0,0,0,-0.0087,0.27,0,0,0,0,0,0,0,0,0.066,NA,353
X2357,50,FALSE,0,FALSE,0.96,11,0.0081,32,0.067,13,1,0.00073,1,0.00073,33,544,41,311,74,0.12,170,0.48,54,0.047,25,0.059,2,0.0035,141,0.25,331818,13230,0.04,9092,532,0,1,0,7.6e-05,-0.0095,0.28,86,0.11,1.5e+07,0.01,2,0.0043,9,0.026,0.15,0.39,88
X2357,25,FALSE,0,FALSE,0.99,6,0.0043,18,0.017,22,7,0.00078,1,5.1e-06,33,2921,51,2627,153,0.055,1295,0.47,347,0.091,264,0.12,1,0.0032,84,0.069,331818,13230,0.04,9092,532,0,1,0,7.6e-05,-0.0097,0.28,700,0.11,1.8e+07,0.056,61,0.029,20,0.027,0.17,0.27,425
X2360,50,FALSE,0,FALSE,0.73,49,0.18,15,0.024,0,9,0.0023,8,0.0019,13,520,42,178,207,0.44,28,0.023,256,0.53,55,0.19,1,0.013,227,0.47,342995,14267,0.042,9789,591,523,2579,0.037,0.18,-0.0023,0.29,30,0.0077,4e+07,0.02,5,0.0027,51,0.19,0.084,1,202
X2360,25,FALSE,0,FALSE,0.95,22,0.021,1,0.0021,0,10,0.0019,10,0.0019,14,3045,56,1985,911,0.39,99,0.022,1851,0.8,99,0.24,0,0,882,0.4,342995,14267,0.042,9789,591,523,2579,0.037,0.18,-0.0023,0.29,22,0.0032,1.9e+07,0.015,5,0.0027,80,0.21,0.23,4.9,1281
X2362,50,FALSE,0,FALSE,0.99,3,0.00042,7,0.0075,2,4,0.0016,0,0,31,608,47,334,89,0.13,114,0.21,71,0.1,98,0.21,1,0.0016,167,0.27,318706,15873,0.05,11190,620,502,2320,0.032,0.15,-0.0031,0.29,82,0.12,4.6e+07,0.034,9,0.034,10,0.018,0.041,0.088,130
X2362,25,FALSE,0,FALSE,0.99,1,2.8e-05,5,0.00096,3,1,5.2e-05,0,0,26,2766,63,2291,237,0.073,414,0.15,515,0.14,298,0.26,3,0.0024,265,0.11,318706,15873,0.05,11190,620,502,2320,0.032,0.15,-0.0021,0.29,197,0.075,2.1e+07,0.041,9,0.041,19,0.017,0.23,0.22,778
X2374,50,FALSE,0,FALSE,0.99,7,0.0063,34,0.11,3,0,0,0,0,27,659,28,358,169,0.28,103,0.084,92,0.11,84,0.2,1,0.0023,216,0.36,327695,13564,0.041,6872,338,0,0,0,0,-0.0031,0.27,37,0.068,1.3e+08,0.1,13,0.038,36,0.071,0.086,0.15,57
X2374,25,FALSE,0,FALSE,1,5,0.0022,15,0.0072,8,11,3e-04,0,0,24,2986,40,2566,299,0.087,0,0,771,0.26,0,0,0,0,0,0,327695,13564,0.041,6872,338,0,0,0,0,-0.0028,0.27,0,0,0,0,0,0,0,0,0.14,NA,332
X23,50,FALSE,0,FALSE,1,0,0,1,0.00036,0,2,1e-05,2,1e-05,23,578,39,321,82,0.11,111,0.13,41,0.016,71,0.15,0,0,191,0.39,327610,13427,0.041,677,48,994,2311,0.074,0.17,0.0012,0.36,79,0.11,2.4e+08,0.17,13,0.035,38,0.13,0.21,0.21,153
X23,25,FALSE,0,FALSE,1,0,0,0,0,0,2,1e-05,0,0,20,3021,46,2740,117,0.032,0,0,209,0.018,0,0,0,0,0,0,327610,13427,0.041,677,48,994,2311,0.074,0.17,0.0013,0.36,0,0,0,0,0,0,0,0,0.25,NA,910
X2401,50,FALSE,0,FALSE,1,0,0,22,0.048,0,2,4.9e-05,0,0,23,1257,30,888,130,0.15,385,0.44,56,0.041,192,0.13,1,0.00015,62,0.036,305965,12773,0.042,10444,608,0,0,0,0,0.00021,0.3,254,0.22,5.8e+07,0.062,33,0.049,25,0.01,0,0,77
X2401,25,FALSE,0,FALSE,1,0,0,4,0.0037,0,2,9e-05,0,0,17,4159,39,3902,85,0.024,0,0,300,0.11,0,0,0,0,0,0,305965,12773,0.042,10444,608,0,0,0,0,-5e-04,0.28,0,0,0,0,0,0,0,0,0,NA,301
X2412,50,FALSE,0,FALSE,0.99,3,0.0075,19,0.054,0,2,0.0023,2,0.0023,23,472,25,242,80,0.19,105,0.28,34,0.066,71,0.1,1,2e-04,120,0.29,337809,14418,0.043,8155,445,0,0,0,0,-0.0088,0.28,59,0.1,3.4e+08,0.23,32,0.15,37,0.066,0.012,0.025,4
X2412,25,FALSE,0,FALSE,1,0,0,13,0.0081,1,8,0.0023,7,0.0023,24,2963,28,2620,164,0.051,251,0.042,403,0.098,476,0.16,2,0.0014,148,0.058,337809,14418,0.043,8155,445,0,0,0,0,-0.0083,0.27,103,0.031,1e+07,0.037,5,0.022,51,0.02,0.027,0,89
X2415,50,FALSE,0,FALSE,0.99,0,0,2,0.003,1,3,6.2e-05,3,6.2e-05,19,1266,42,908,168,0.13,418,0.43,42,0.0099,24,0.0049,63,0.065,159,0.13,326263,13223,0.041,7966,353,8122,8124,0.61,0.61,-0.0088,0.32,292,0.35,4.9e+08,0.57,28,0.11,70,0.066,2.2,2.5,767
X2415,25,FALSE,0,FALSE,1,0,0,0,0,1,4,0.00018,0,0,15,3939,48,3752,81,0.023,0,0,200,0.041,0,0,0,0,0,0,326263,13223,0.041,7966,353,8122,8124,0.61,0.61,-0.0087,0.31,0,0,0,0,0,0,0,0,3.1,NA,2424
X2429,50,FALSE,0,FALSE,0.87,15,0.11,10,0.023,0,4,3e-04,4,3e-04,19,701,49,392,141,0.19,51,0.04,96,0.11,85,0.2,2,0.046,202,0.31,313034,13064,0.042,10684,497,43,679,0.0033,0.052,-0.0066,0.3,22,0.0086,1.7e+08,0.12,3,0.0036,20,0.089,0.13,0.18,205
X2429,25,FALSE,0,FALSE,0.99,3,0.0066,6,0.0051,0,4,3e-04,4,3e-04,20,3242,58,2817,293,0.099,430,0.11,790,0.33,299,0.22,0,0,266,0.11,313034,13064,0.042,10684,497,43,679,0.0033,0.052,-0.0065,0.29,16,0.0035,920000,0.0027,2,0.0027,38,0.051,0.27,0.3,1140
X2438,50,FALSE,0,FALSE,0.53,88,0.45,11,0.051,0,5,0.0016,3,5e-04,11,449,30,175,118,0.25,47,0.061,148,0.28,15,0.049,2,0.014,113,0.23,330428,13539,0.041,7539,438,160,558,0.012,0.041,-0.01,0.31,12,0.0014,4e+08,0.19,2,0.00035,16,0.064,0.015,0.022,87
X2438,25,FALSE,0,FALSE,0.94,43,0.042,7,0.0078,0,4,0.0014,0,0,10,2789,40,1974,677,0.21,0,0,1315,0.45,0,0,0,0,0,0,330428,13539,0.041,7539,438,160,558,0.012,0.041,-0.0098,0.31,0,0,0,0,0,0,0,0,0.045,NA,665
X2443,50,FALSE,0,FALSE,1,0,0,8,0.032,8,5,0.00021,5,0.00021,33,694,48,370,157,0.25,176,0.33,55,0.11,77,0.17,3,0.0019,173,0.24,330354,18710,0.057,11026,895,61,496,0.0033,0.027,-0.015,0.32,103,0.11,1.5e+08,0.11,21,0.091,26,0.048,0.11,0.18,223
X2443,25,FALSE,0,FALSE,1,0,0,9,0.01,19,5,0.00021,5,0.00021,41,2630,64,2118,259,0.12,783,0.37,248,0.13,264,0.16,1,0.00013,191,0.088,330354,18710,0.057,11026,895,61,496,0.0033,0.027,-0.015,0.31,441,0.17,8.3e+07,0.13,52,0.12,21,0.01,0.25,0.19,989
X2503,50,FALSE,0,FALSE,0.98,0,0,0,0,7,5,0.0067,5,0.0067,26,1044,52,686,174,0.14,233,0.2,27,0.012,70,0.19,18,0.018,206,0.16,324862,14262,0.044,9921,601,6926,8289,0.49,0.58,-0.021,0.33,122,0.15,6.1e+08,0.61,99,0.4,22,0.018,3.2,3.8,672
X2503,25,FALSE,0,FALSE,1,0,0,0,0,17,6,0.0068,0,0,22,3209,61,3035,99,0.059,0,0,37,0.012,0,0,0,0,0,0,324862,14262,0.044,9921,601,6926,8289,0.49,0.58,-0.02,0.33,0,0,0,0,0,0,0,0,5.3,NA,2116
X2529,50,FALSE,0,TRUE,0.88,8,0.048,9,0.045,6,3,6.4e-05,2,6.4e-05,30,504,39,251,79,0.16,62,0.032,45,0.04,64,0.15,1,0.001,178,0.47,352600,17815,0.051,9843,705,18,197,0.001,0.011,-0.019,0.3,47,0.019,8.5e+07,0.051,0,0,11,0.026,0.14,0.22,130
X2529,25,FALSE,0,FALSE,0.98,16,0.014,10,0.0054,38,4,3e-04,3,3e-04,33,2725,50,2310,109,0.068,562,0.15,238,0.098,317,0.23,0,0,230,0.15,352600,17815,0.051,9843,705,18,197,0.001,0.011,-0.018,0.3,390,0.066,1900000,0.0036,3,0.0036,20,0.025,0.21,0.18,744
X2554,50,FALSE,0,TRUE,0.92,9,0.029,2,0.00036,5,3,0.00032,2,0.00031,29,634,41,354,73,0.095,111,0.23,45,0.045,113,0.26,3,0.016,148,0.27,353744,14653,0.041,10266,501,0,3,0,2e-04,-0.013,0.32,146,0.21,3.7e+08,0.24,46,0.13,27,0.086,0.072,0.089,71
X2554,25,FALSE,0,FALSE,0.99,9,0.0074,3,0.00052,6,4,0.00027,0,0,28,3249,43,2994,79,0.017,0,0,281,0.047,0,0,0,0,0,0,353744,14653,0.041,10266,501,0,3,0,2e-04,-0.013,0.32,0,0,0,0,0,0,0,0,0.095,NA,372
X2556,50,FALSE,0,TRUE,0.91,1,0.014,19,0.065,15,3,1e-04,3,1e-04,29,380,41,181,101,0.24,33,0.043,54,0.049,34,0.11,1,0.023,154,0.56,347134,17328,0.05,10622,751,6,29,0.00035,0.0017,-0.013,0.28,45,0.072,3.2e+08,0.17,5,0.0065,9,0.032,0.61,0.79,150
X2556,25,FALSE,0,FALSE,0.99,0,0,26,0.011,57,5,0.00018,3,1e-04,34,2597,61,2172,234,0.13,236,0.051,511,0.1,158,0.19,0,0,279,0.22,347134,17328,0.05,10622,751,6,29,0.00035,0.0017,-0.012,0.28,114,0.04,1.2e+08,0.17,1,0.005,15,0.011,0.89,0.68,1202
X2577,50,FALSE,0,FALSE,0.6,46,0.18,0,0,0,4,0.0024,0,0,15,372,22,155,45,0.12,91,0.25,122,0.42,20,0.044,2,0.00064,15,0.04,326232,19035,0.058,7903,650,0,0,0,0,-0.011,0.29,40,0.064,1.7e+08,0.094,15,0.067,16,0.054,0,0,4
X2577,25,FALSE,0,FALSE,0.84,104,0.054,1,0.00025,1,29,0.011,0,0,16,2303,30,1520,364,0.21,0,0,753,0.5,0,0,0,0,0,0,326232,19035,0.058,7903,650,0,0,0,0,-0.011,0.29,0,0,0,0,0,0,0,0,0,NA,8
X2587,50,FALSE,0,FALSE,0.95,7,0.023,11,0.06,0,2,2.7e-05,2,2.7e-05,15,342,16,146,58,0.2,122,0.39,25,0.046,50,0.22,0,0,73,0.25,334603,18416,0.055,11087,828,0,0,0,0,-0.01,0.29,35,0.079,8.7e+07,0.055,2,0.0082,36,0.15,0.0065,0.027,3
X2587,25,FALSE,0,FALSE,0.97,18,0.012,7,0.011,0,13,0.00097,5,7.6e-05,17,2254,23,1766,166,0.093,541,0.27,293,0.15,267,0.21,12,0.012,142,0.086,334603,18416,0.055,11087,828,0,0,0,0,-0.0095,0.29,52,0.044,1.1e+08,0.14,40,0.12,76,0.047,0.03,0.037,44
X2593,50,FALSE,0,FALSE,0.94,17,0.025,22,0.043,2,1,1.7e-06,1,1.7e-06,27,751,30,429,126,0.12,234,0.45,131,0.09,77,0.14,3,0.0052,131,0.13,320635,13360,0.042,11021,614,0,0,0,0,-0.0032,0.33,82,0.078,2.4e+07,0.019,17,0.019,42,0.049,0.032,0.056,25
X2593,25,FALSE,0,FALSE,0.99,4,0.0012,1,1e-04,11,30,0.002,0,0,23,3432,41,2887,405,0.064,0,0,805,0.15,0,0,0,0,0,0,320635,13360,0.042,11021,614,0,0,0,0,-0.0027,0.32,0,0,0,0,0,0,0,0,0.029,NA,159
X2638,50,FALSE,0,FALSE,0.93,12,0.032,14,0.041,22,3,0.00013,3,0.00013,33,592,56,331,79,0.1,61,0.048,106,0.12,71,0.22,0,0,134,0.31,338863,14125,0.042,12067,533,1844,1920,0.13,0.14,-0.023,0.32,4,0.0011,7e+07,0.051,0,0,11,0.026,0.074,0.07,136
X2638,25,FALSE,0,FALSE,0.99,8,0.0063,5,0.0033,43,3,0.00013,3,0.00013,36,3041,83,2620,228,0.048,358,0.099,574,0.14,239,0.25,0,0,275,0.088,338863,14125,0.042,12067,533,1844,1920,0.13,0.14,-0.023,0.32,49,0.0058,1e+06,0.003,10,0.003,15,0.02,0.18,0.17,736
X2648,50,FALSE,0,FALSE,0.93,23,0.058,35,0.11,0,2,0.00024,1,5e-05,20,530,25,284,116,0.26,92,0.075,49,0.069,60,0.18,1,0.00038,140,0.33,319827,13282,0.042,4805,297,0,0,0,0,-0.0014,0.29,30,0.055,1e+08,0.072,8,0.026,18,0.043,0.061,0.075,27
X2648,25,FALSE,0,FALSE,0.99,13,0.0093,10,0.0058,0,13,3e-04,0,0,16,2870,28,2535,196,0.083,0,0,453,0.12,0,0,0,0,0,0,319827,13282,0.042,4805,297,0,0,0,0,-0.001,0.29,0,0,0,0,0,0,0,0,0.12,NA,317
X2665,50,FALSE,0,FALSE,1,0,0,0,0,11,5,0.00035,5,0.00035,31,1445,45,1067,110,0.1,153,0.08,12,0.006,178,0.071,1,8.1e-05,175,0.15,335016,13818,0.041,10337,545,63,507,0.0046,0.037,-0.012,0.32,334,0.21,2.8e+07,0.031,21,0.029,12,0.0047,0,0,264
X2665,25,FALSE,0,FALSE,1,0,0,1,0.00044,36,5,0.00036,0,0,26,4540,54,4318,45,0.012,0,0,92,0.029,0,0,0,0,0,0,335016,13818,0.041,10337,545,63,507,0.0046,0.037,-0.013,0.31,0,0,0,0,0,0,0,0,0.0042,NA,1055
X2700,50,FALSE,0,FALSE,0.92,0,0,0,0,0,13,0.002,13,0.002,17,916,46,542,171,0.14,95,0.02,239,0.23,86,0.33,72,0.09,256,0.3,324844,14262,0.044,8450,539,8161,8945,0.57,0.63,-0.015,0.32,156,0.12,6.9e+08,0.62,63,0.17,94,0.095,2.6,3.2,582
X2700,25,FALSE,0,FALSE,1,0,0,0,0,0,7,0.00023,0,0,14,3132,52,2896,167,0.054,0,0,735,0.23,0,0,0,0,0,0,324844,14262,0.044,8450,539,8161,8945,0.57,0.63,-0.015,0.32,0,0,0,0,0,0,0,0,5.6,NA,2056
X2704,50,FALSE,0,FALSE,0.94,5,0.0061,4,0.0024,0,0,0,0,0,17,572,20,323,69,0.11,225,0.39,21,0.013,118,0.32,1,7.1e-05,70,0.17,341832,14093,0.041,6810,391,0,0,0,0,-0.0061,0.27,47,0.12,5.1e+08,0.35,36,0.2,38,0.1,0.0081,0.004,0
X2704,25,FALSE,0,FALSE,1,0,0,3,0.0012,6,2,1.7e-06,0,0,20,3154,28,2887,110,0.028,0,0,356,0.074,0,0,0,0,0,0,341832,14093,0.041,6810,391,0,0,0,0,-0.0056,0.27,0,0,0,0,0,0,0,0,0,NA,22
X2716,50,FALSE,0,FALSE,1,3,0.0021,11,0.015,1,8,0.0013,8,0.0013,31,1141,52,747,203,0.19,220,0.15,86,0.064,59,0.13,43,0.046,259,0.32,352970,14699,0.042,9281,553,9110,7977,0.62,0.54,-0.047,0.4,146,0.095,6.5e+08,0.57,42,0.11,60,0.069,3.2,3.7,728
X2716,25,FALSE,0,FALSE,1,0,0,3,2e-04,2,8,0.0012,7,0.0012,26,3392,55,3050,230,0.087,1001,0.27,365,0.088,132,0.12,2,0.0017,125,0.078,352970,14699,0.042,9281,553,9110,7977,0.62,0.54,-0.045,0.39,570,0.12,7.3e+07,0.25,98,0.2,23,0.026,4.7,4.8,2263
X2763,50,FALSE,0,FALSE,1,0,0,12,0.0066,7,3,0.00027,2,0.00018,28,1149,42,798,131,0.17,374,0.3,39,0.0059,87,0.036,0,0,82,0.068,338401,14169,0.042,9489,496,2,16,0.00014,0.0011,-0.0092,0.28,198,0.06,5600000,0.005,15,0.005,11,0.002,0,0,242
X2763,25,FALSE,0,FALSE,1,0,0,1,0.00012,13,1,0.00014,0,0,23,4157,45,3963,45,0.026,0,0,170,0.014,0,0,0,0,0,0,338401,14169,0.042,9489,496,2,16,0.00014,0.0011,-0.0078,0.27,0,0,0,0,0,0,0,0,0.0042,NA,945
X2773,50,FALSE,0,FALSE,0.8,35,0.16,18,0.017,19,0,0,0,0,32,543,36,303,61,0.055,107,0.31,86,0.12,62,0.12,3,0.0021,84,0.11,306901,12524,0.041,9056,585,0,3,0,0.00024,-0.0042,0.27,50,0.094,1.6e+08,0.11,33,0.11,28,0.053,0.029,0.048,23
X2773,25,FALSE,0,FALSE,0.97,13,0.011,11,0.0025,52,3,8.7e-06,3,8.7e-06,39,2838,47,2485,181,0.049,431,0.24,619,0.22,387,0.15,3,0.00096,88,0.025,306901,12524,0.041,9056,585,0,3,0,0.00024,-0.0041,0.27,35,0.015,2e+07,0.06,11,0.053,51,0.022,0.0049,0.018,80
X2797,50,FALSE,0,FALSE,0.9,18,0.047,30,0.08,1,3,0.00016,3,0.00016,24,722,43,413,167,0.22,128,0.094,138,0.12,63,0.18,0,0,221,0.33,325250,12566,0.039,9455,459,5,61,4e-04,0.0049,-0.0014,0.3,92,0.047,6700000,0.0054,8,0.0038,23,0.048,0.26,0.33,251
X2797,25,FALSE,0,FALSE,0.99,5,0.0047,15,0.022,1,7,2e-04,0,0,19,3105,51,2817,201,0.087,0,0,890,0.38,0,0,0,0,0,0,325250,12566,0.039,9455,459,5,61,4e-04,0.0049,-0.0011,0.29,0,0,0,0,0,0,0,0,0.4,NA,1200
X2816,50,FALSE,0,FALSE,0.96,3,0.01,5,0.028,6,0,0,0,0,29,496,25,278,82,0.17,123,0.36,26,0.032,68,0.14,1,0.00058,99,0.27,334619,13585,0.041,8470,430,0,0,0,0,-0.0059,0.27,53,0.07,2.9e+08,0.21,20,0.056,41,0.17,0.052,0.038,17
X2816,25,FALSE,0,FALSE,0.99,1,0.00049,3,0.0013,10,0,0,0,0,19,2871,29,2663,81,0.029,0,0,202,0.048,0,0,0,0,0,0,334619,13585,0.041,8470,430,0,0,0,0,-0.0056,0.26,0,0,0,0,0,0,0,0,0.074,NA,106
X2825,50,FALSE,0,FALSE,0.94,11,0.042,22,0.038,1,1,6.1e-07,1,6.1e-07,24,758,38,430,135,0.17,105,0.11,118,0.2,118,0.25,2,0.014,217,0.31,336833,13931,0.041,5355,309,2,39,0.00014,0.0028,-0.00034,0.3,73,0.046,1.5e+08,0.12,15,0.043,15,0.025,0.14,0.19,198
X2825,25,FALSE,0,FALSE,0.99,4,0.0032,6,0.0039,2,2,2.1e-06,2,2.1e-06,23,3242,44,2818,269,0.077,924,0.24,742,0.3,332,0.23,1,4.3e-05,211,0.078,336833,13931,0.041,5355,309,2,39,0.00014,0.0028,-0.00023,0.3,558,0.1,1e+07,0.031,4,0.0059,24,0.0094,0.18,0.18,846
X2890,50,FALSE,0,FALSE,0.78,63,0.17,5,0.012,0,27,0.005,6,0.00016,17,708,33,290,283,0.38,154,0.094,313,0.38,72,0.12,4,0.0013,191,0.34,329308,13738,0.042,10160,567,0,0,0,0,-0.017,0.31,145,0.085,1.5e+08,0.086,37,0.048,61,0.12,0.019,0.046,29
X2890,25,FALSE,0,FALSE,0.97,13,0.011,3,0.00034,0,68,0.0059,0,0,15,3295,40,2153,1024,0.3,0,0,1948,0.55,0,0,0,0,0,0,329308,13738,0.042,10160,567,0,0,0,0,-0.016,0.31,0,0,0,0,0,0,0,0,0.019,NA,178
X2902,50,FALSE,0,TRUE,0.84,3,0.0033,7,0.0037,19,1,7.5e-05,1,7.5e-05,35,668,39,378,92,0.12,138,0.24,32,0.014,92,0.24,6,0.051,154,0.27,357479,15179,0.042,8561,431,0,6,0,4e-04,-0.012,0.28,104,0.17,4.2e+08,0.29,48,0.24,41,0.13,0.066,0.065,139
X2902,25,FALSE,0,FALSE,1,1,0.0011,10,0.0025,30,1,2.9e-06,0,0,25,3086,46,2826,89,0.021,0,0,202,0.025,0,0,0,0,0,0,357479,15179,0.042,8561,431,0,6,0,4e-04,-0.011,0.28,0,0,0,0,0,0,0,0,0.093,NA,584
X2949,50,FALSE,0,FALSE,0.84,25,0.083,15,0.0062,0,11,0.00035,9,0.00026,20,852,50,434,289,0.26,238,0.29,155,0.17,32,0.055,56,0.19,253,0.22,324822,14262,0.044,9230,540,8533,8844,0.6,0.62,-0.011,0.31,92,0.079,6.9e+08,0.49,25,0.075,68,0.19,3.7,5,594
X2949,25,FALSE,0,FALSE,0.99,8,0.0028,3,0.00094,0,9,3e-04,8,0.00025,20,2989,54,2465,406,0.13,1005,0.35,621,0.22,97,0.094,21,0.019,181,0.047,324822,14262,0.044,9230,540,8533,8844,0.6,0.62,-0.011,0.3,258,0.1,1e+08,0.22,6,0.017,39,0.02,6.8,9.3,2177
X2991,50,FALSE,0,FALSE,0.98,1,0.00014,4,0.0014,0,6,0.00016,6,0.00016,21,852,39,502,129,0.071,281,0.44,75,0.028,20,0.023,83,0.064,135,0.14,324833,14260,0.044,7037,364,9335,8970,0.65,0.63,-0.014,0.32,73,0.065,9.3e+08,0.82,18,0.043,89,0.064,2.7,3.8,535
X2991,25,FALSE,0,FALSE,1,0,0,4,0.00048,1,10,3e-04,6,0.00016,17,3015,50,2716,155,0.03,565,0.16,265,0.034,105,0.091,40,0.018,123,0.038,324833,14260,0.044,7037,364,9335,8970,0.65,0.63,-0.013,0.31,304,0.07,1.2e+08,0.57,19,0.14,55,0.024,5.9,5.9,1963
X2998,50,FALSE,0,FALSE,0.95,0,0,27,0.013,0,4,0.00023,4,0.00023,24,895,49,530,184,0.15,360,0.55,32,0.015,28,0.038,47,0.065,154,0.12,324771,14263,0.044,6958,477,9584,9109,0.67,0.64,-0.0072,0.3,301,0.41,5.9e+08,0.58,20,0.081,54,0.067,2.8,4.8,589
X2998,25,FALSE,0,FALSE,1,0,0,5,0.0023,0,3,2e-04,0,0,17,3174,52,2989,119,0.063,0,0,365,0.057,0,0,0,0,0,0,324771,14263,0.044,6958,477,9584,9109,0.67,0.64,-0.0066,0.3,0,0,0,0,0,0,0,0,5.8,NA,2260
X300,50,FALSE,0,FALSE,0.99,0,0,12,0.0018,1,2,3.8e-05,2,3.8e-05,26,942,46,581,219,0.22,239,0.12,164,0.22,100,0.34,10,0.025,247,0.28,324819,14264,0.044,5683,386,8873,8102,0.62,0.57,-0.0042,0.3,207,0.12,3.7e+08,0.36,28,0.04,18,0.027,2.6,3.2,626
X300,25,FALSE,0,FALSE,1,0,0,3,0.00042,2,3,7.3e-05,0,0,20,3120,49,2906,140,0.056,0,0,542,0.21,0,0,0,0,0,0,324819,14264,0.044,5683,386,8873,8102,0.62,0.57,-0.0042,0.3,0,0,0,0,0,0,0,0,3.8,NA,2123
X301,50,FALSE,0,FALSE,0.9,0,0,2,0.002,2,5,0.0018,5,0.0018,23,909,49,473,219,0.11,98,0.04,150,0.075,59,0.19,61,0.12,267,0.27,324773,14262,0.044,5163,323,9295,8038,0.65,0.56,-0.011,0.32,122,0.08,8.4e+08,0.73,56,0.14,74,0.13,2.7,3.1,579
X301,25,FALSE,0,FALSE,1,0,0,5,0.0017,2,6,0.0019,0,0,21,3115,53,2644,402,0.09,0,0,533,0.081,0,0,0,0,0,0,324773,14262,0.044,5163,323,9295,8038,0.65,0.56,-0.011,0.32,0,0,0,0,0,0,0,0,4.7,NA,2130
X3056,50,FALSE,0,FALSE,0.8,22,0.073,9,0.015,0,6,0.00031,1,6.2e-06,15,561,27,146,317,0.54,84,0.067,356,0.58,55,0.18,0,0,255,0.5,348462,13573,0.039,8160,399,0,1,0,7.4e-05,-0.0075,0.29,54,0.03,1.3e+08,0.06,32,0.031,54,0.17,0.098,0.22,37
X3056,25,FALSE,0,FALSE,0.99,5,0.0024,7,0.011,0,37,0.0031,0,0,13,3249,34,1569,1591,0.47,0,0,2384,0.74,0,0,0,0,0,0,348462,13573,0.039,8160,399,0,1,0,7.4e-05,-0.0075,0.29,0,0,0,0,0,0,0,0,0.092,NA,254
X3059,50,FALSE,0,TRUE,0.8,7,0.018,12,0.035,0,3,0.0038,2,0.0038,19,399,22,180,96,0.2,45,0.057,69,0.052,32,0.12,2,0.0015,125,0.38,332031,13684,0.041,7142,372,0,0,0,0,0.01,0.32,19,0.028,1.8e+08,0.097,9,0.019,23,0.08,0.07,0.07,7
X3059,25,FALSE,0,FALSE,0.99,13,0.0073,5,0.003,0,6,0.0046,0,0,15,2831,28,2550,140,0.024,0,0,458,0.061,0,0,0,0,0,0,332031,13684,0.041,7142,372,0,0,0,0,0.01,0.31,0,0,0,0,0,0,0,0,0.046,NA,94
X3080,50,FALSE,0,FALSE,0.84,58,0.15,6,0.02,0,9,0.0021,8,0.0016,12,625,40,247,225,0.37,100,0.089,278,0.38,45,0.079,2,0.0013,202,0.36,359965,15161,0.042,8387,403,15,21,0.00099,0.0014,-0.0084,0.3,54,0.053,1.3e+08,0.074,12,0.026,35,0.066,0.036,0.3,143
X3080,25,FALSE,0,FALSE,0.98,29,0.017,3,0.00013,0,12,0.0019,0,0,10,3327,45,2001,1179,0.33,0,0,1786,0.44,0,0,0,0,0,0,359965,15161,0.042,8387,403,15,21,0.00099,0.0014,-0.0082,0.29,0,0,0,0,0,0,0,0,0.15,NA,991
X3107,50,FALSE,0,FALSE,0.94,16,0.015,14,0.016,18,8,0.0041,1,5.1e-06,40,963,67,617,140,0.17,89,0.16,148,0.1,123,0.2,1,2e-04,198,0.22,339471,14953,0.044,11293,763,1461,3913,0.098,0.26,-0.0083,0.29,72,0.1,1.2e+08,0.1,15,0.061,21,0.045,0.19,0.32,313
X3107,25,FALSE,0,FALSE,0.98,3,0.0026,4,0.00089,46,9,0.002,1,5.2e-06,32,3369,73,3029,170,0.07,343,0.13,659,0.12,262,0.19,0,0,182,0.075,339471,14953,0.044,11293,763,1461,3913,0.098,0.26,-0.008,0.29,169,0.06,1.6e+07,0.05,35,0.05,21,0.032,0.32,0.58,1295
X3144,50,FALSE,0,FALSE,0.62,31,0.086,7,0.038,0,13,0.013,2,2.6e-05,9,466,15,176,126,0.15,63,0.096,246,0.44,56,0.073,1,0.0059,116,0.11,342292,14465,0.042,7646,388,0,0,0,0,-0.0094,0.29,7,0.0071,9.4e+07,0.059,0,0,67,0.11,0.0057,0.015,0
X3144,25,FALSE,0,FALSE,0.94,24,0.019,0,0,0,81,0.0067,0,0,10,2936,22,1923,815,0.17,0,0,1826,0.55,0,0,0,0,0,0,342292,14465,0.042,7646,388,0,0,0,0,-0.0089,0.28,0,0,0,0,0,0,0,0,0,NA,11
X3151,50,FALSE,0,FALSE,0.9,19,0.097,10,0.011,6,2,6.3e-05,2,6.3e-05,33,593,54,325,70,0.059,57,0.077,57,0.024,79,0.21,1,0.00032,169,0.35,376488,16525,0.044,7782,399,649,1622,0.039,0.098,-0.034,0.41,66,0.064,2.6e+08,0.17,11,0.01,10,0.0064,0.15,0.15,130
X3151,25,FALSE,0,FALSE,0.97,13,0.031,11,0.0023,33,3,6.8e-05,3,6.8e-05,32,3180,67,2811,154,0.032,453,0.098,486,0.17,311,0.28,0,0,216,0.098,376488,16525,0.044,7782,399,649,1622,0.039,0.098,-0.034,0.4,307,0.078,9.7e+07,0.23,19,0.017,14,0.011,0.2,0.21,787
X3225,50,FALSE,0,FALSE,0.89,29,0.046,18,0.022,0,9,0.0027,6,0.0012,15,566,33,218,234,0.45,57,0.087,284,0.54,46,0.13,2,0.019,232,0.47,348058,14928,0.043,9626,519,1,11,6.7e-05,0.00074,-0.014,0.29,30,0.024,5.4e+07,0.031,5,0.0027,34,0.11,0.17,0.76,197
X3225,25,FALSE,0,FALSE,0.98,9,0.0019,4,0.0013,0,13,0.0017,12,0.0012,13,3070,44,1821,1101,0.37,340,0.084,1806,0.69,182,0.18,0,0,973,0.36,348058,14928,0.043,9626,519,1,11,6.7e-05,0.00074,-0.014,0.29,20,0.0088,0,0,0,0,111,0.12,0.43,0.87,1124
X3238,50,FALSE,0,FALSE,0.98,5,0.012,21,0.072,15,3,0.00015,3,0.00015,34,720,50,409,88,0.14,93,0.081,53,0.047,102,0.17,0,0,228,0.4,347801,14985,0.043,10883,713,11,34,0.00073,0.0023,-0.019,0.32,90,0.068,1.9e+08,0.14,6,0.026,17,0.026,0.19,0.2,156
X3238,25,FALSE,0,FALSE,1,0,0,6,0.0045,48,2,1e-04,0,0,33,3427,63,3103,142,0.058,0,0,408,0.21,0,0,0,0,0,0,347801,14985,0.043,10883,713,11,34,0.00073,0.0023,-0.019,0.32,0,0,0,0,0,0,0,0,0.23,NA,812
X3297,50,FALSE,0,FALSE,0.97,4,0.01,10,0.01,9,1,6.8e-06,1,6.8e-06,31,734,39,415,150,0.3,113,0.24,84,0.2,109,0.23,1,8.2e-05,174,0.28,350453,15005,0.043,9168,514,0,6,0,4e-04,-0.0049,0.29,85,0.089,1.7e+08,0.11,18,0.044,10,0.038,0.13,0.22,172
X3297,25,FALSE,0,FALSE,0.99,1,0.00031,6,0.0042,33,2,9.2e-06,2,9.2e-06,31,3332,52,2919,237,0.12,817,0.31,593,0.24,357,0.18,0,0,167,0.069,350453,15005,0.043,9168,514,0,6,0,4e-04,-0.0048,0.29,211,0.056,8300000,0.02,7,0.014,36,0.023,0.19,0.19,799
X3349,50,FALSE,0,FALSE,0.8,33,0.13,13,0.047,0,8,0.003,1,6e-07,16,557,29,194,221,0.45,50,0.022,289,0.48,65,0.21,1,0.001,241,0.49,346701,14922,0.043,11344,582,7,4,0.00047,0.00027,-0.016,0.29,48,0.028,1.5e+07,0.008,9,0.0073,50,0.15,0.077,0.21,69
X3349,25,FALSE,0,FALSE,0.97,9,0.0072,4,0.0049,0,12,0.0015,0,0,13,3113,41,1811,1158,0.38,0,0,1967,0.63,0,0,0,0,0,0,346701,14922,0.043,11344,582,7,4,0.00047,0.00027,-0.015,0.29,0,0,0,0,0,0,0,0,0.14,NA,517
X3391,50,FALSE,0,FALSE,0.89,6,0.052,7,0.013,4,2,7.7e-05,2,7.7e-05,29,522,36,287,81,0.16,103,0.24,52,0.16,58,0.11,1,0.037,120,0.28,344194,14271,0.041,10552,628,0,1,0,7e-05,-0.01,0.28,47,0.094,5.6e+08,0.33,15,0.035,19,0.065,0.064,0.063,47
X3391,25,FALSE,0,FALSE,0.99,6,0.0035,1,0.00023,4,2,7.7e-05,0,0,22,3094,37,2872,89,0.052,0,0,375,0.17,0,0,0,0,0,0,344194,14271,0.041,10552,628,0,1,0,7e-05,-0.01,0.28,0,0,0,0,0,0,0,0,0.066,NA,294
X342,50,FALSE,0,FALSE,0.52,169,0.43,36,0.024,0,3,4.1e-05,2,8.6e-06,12,746,36,404,86,0.043,31,0.011,86,0.035,14,0.009,198,0.45,93,0.09,324800,14262,0.044,7480,455,9576,8904,0.67,0.62,-0.012,0.3,38,0.012,1.5e+09,0.91,20,0.018,208,0.46,2,3.3,434
X342,25,FALSE,0,FALSE,1,0,0,63,0.035,0,4,7.4e-05,0,0,12,2946,41,2720,162,0.071,0,0,936,0.25,0,0,0,0,0,0,324800,14262,0.044,7480,455,9576,8904,0.67,0.62,-0.012,0.29,0,0,0,0,0,0,0,0,4.7,NA,1818
X356,50,FALSE,0,FALSE,0.42,196,0.49,28,0.012,0,4,0.00018,4,0.00018,12,815,37,457,92,0.035,35,0.015,102,0.059,14,0.002,226,0.57,64,0.021,324780,14261,0.044,6538,382,9170,9160,0.64,0.64,-0.005,0.31,55,0.028,1.6e+09,0.93,24,0.036,242,0.57,2.2,3,482
X356,25,FALSE,0,FALSE,1,0,0,61,0.04,0,7,0.00023,0,0,11,3008,42,2787,160,0.074,0,0,903,0.24,0,0,0,0,0,0,324780,14261,0.044,6538,382,9170,9160,0.64,0.64,-0.0043,0.3,0,0,0,0,0,0,0,0,5.1,NA,1868
X429,50,FALSE,0,FALSE,0.79,61,0.2,17,0.047,0,3,3e-04,3,3e-04,13,507,32,188,186,0.42,33,0.014,175,0.37,51,0.16,1,0.00034,196,0.48,324919,13925,0.043,9317,555,23,429,0.0017,0.031,-0.0026,0.27,21,0.019,3.6e+07,0.018,3,0.0039,26,0.12,0.17,0.35,179
X429,25,FALSE,0,FALSE,0.96,39,0.037,3,0.0071,0,3,3e-04,0,0,11,2673,38,1676,872,0.36,0,0,1328,0.47,0,0,0,0,0,0,324919,13925,0.043,9317,555,23,429,0.0017,0.031,-0.0026,0.26,0,0,0,0,0,0,0,0,0.39,NA,1150
X451,50,FALSE,0,FALSE,0.93,0,0,0,0,0,6,0.0039,6,0.0039,18,925,52,561,207,0.25,320,0.22,209,0.23,50,0.15,40,0.08,184,0.22,324776,14262,0.044,9338,580,9272,8867,0.65,0.62,-0.0038,0.28,338,0.26,4.9e+08,0.41,88,0.21,50,0.11,2.5,4.1,580
X451,25,FALSE,0,FALSE,1,0,0,0,0,1,17,0.0058,17,0.0058,18,3015,55,2766,177,0.089,773,0.13,602,0.23,209,0.21,5,0.0033,106,0.072,324776,14262,0.044,9338,580,9272,8867,0.65,0.62,-0.0036,0.28,1078,0.19,4.4e+07,0.16,44,0.13,23,0.034,4.4,4,2014
X472,50,FALSE,0,FALSE,1,0,0,19,0.067,2,9,0.00073,8,2e-04,27,979,49,607,188,0.24,318,0.39,46,0.033,43,0.074,8,0.0052,223,0.27,324787,14260,0.044,6600,517,9150,8794,0.64,0.62,-0.0046,0.31,203,0.2,5.5e+08,0.49,53,0.11,12,0.0054,3.1,3.8,646
X472,25,FALSE,0,FALSE,1,0,0,9,0.0051,2,8,2e-04,0,0,23,3197,57,2979,145,0.068,0,0,180,0.053,0,0,0,0,0,0,324787,14260,0.044,6600,517,9150,8794,0.64,0.62,-0.0046,0.3,0,0,0,0,0,0,0,0,4.9,NA,2234
X544,50,FALSE,0,TRUE,0.76,0,0,11,0.0046,4,2,9.6e-05,2,9.6e-05,28,495,37,273,97,0.17,55,0.087,34,0.0092,24,0.046,1,4e-04,114,0.23,342491,14757,0.043,9645,519,17,65,0.0012,0.0044,-0.0077,0.34,60,0.08,4e+07,0.029,3,0.01,2,0.00077,0.091,0.053,171
X544,25,FALSE,0,FALSE,1,0,0,11,0.0034,10,2,9.7e-05,0,0,22,3069,49,2828,85,0.023,0,0,253,0.022,0,0,0,0,0,0,342491,14757,0.043,9645,519,17,65,0.0012,0.0044,-0.0076,0.33,0,0,0,0,0,0,0,0,0.13,NA,1017
X592,50,FALSE,0,FALSE,1,0,0,23,0.023,7,6,0.00099,6,0.00099,30,996,52,609,201,0.19,161,0.15,86,0.12,33,0.066,101,0.12,203,0.2,340751,14421,0.042,8377,480,9457,8472,0.66,0.59,-0.013,0.31,180,0.14,5e+08,0.48,23,0.046,106,0.12,4.8,4.8,679
X592,25,FALSE,0,FALSE,1,0,0,9,0.011,2,4,0.00083,0,0,22,3348,55,3173,92,0.057,0,0,315,0.13,0,0,0,0,0,0,340751,14421,0.042,8377,480,9457,8472,0.66,0.59,-0.013,0.31,0,0,0,0,0,0,0,0,7.7,NA,2356
X603,50,FALSE,0,FALSE,0.7,21,0.027,8,0.0083,1,10,0.012,2,0.00014,19,470,19,193,116,0.33,90,0.14,184,0.55,41,0.13,8,0.0027,88,0.26,319788,12915,0.04,8806,451,0,0,0,0,-0.0044,0.25,87,0.13,3.1e+07,0.016,5,0.016,53,0.17,0.0062,0.029,5
X603,25,FALSE,0,FALSE,0.96,15,0.011,0,0,1,32,0.00094,6,0.00025,14,2784,25,1745,915,0.33,762,0.27,1460,0.56,330,0.13,6,0.004,519,0.16,319788,12915,0.04,8806,451,0,0,0,0,-0.0041,0.25,15,0.014,0,0,0,0,286,0.13,0,0.042,14
X655,50,FALSE,0,FALSE,0.8,30,0.11,5,0.0051,0,1,0.003,0,0,15,475,32,188,176,0.32,54,0.069,218,0.53,31,0.14,2,0.0025,179,0.34,291128,11499,0.039,10549,545,6,3,0.00052,0.00026,0.027,0.42,19,0.022,1.4e+08,0.078,12,0.033,28,0.1,0.15,0.43,126
X655,25,FALSE,0,FALSE,0.96,28,0.027,3,0.00073,0,9,0.00043,1,0.00012,15,2525,40,1600,819,0.29,425,0.068,1255,0.59,123,0.15,1,8.2e-05,607,0.27,291128,11499,0.039,10549,545,6,3,0.00052,0.00026,0.026,0.42,147,0.019,3e+07,0.032,48,0.032,59,0.11,0.17,0.72,703
X736,50,FALSE,0,FALSE,0.82,47,0.12,0,0,0,5,0.0011,2,6.7e-05,14,552,29,198,213,0.35,65,0.035,276,0.47,35,0.13,2,0.0015,223,0.41,332989,13888,0.042,6180,377,12,4,0.00086,0.00029,-0.0054,0.29,8,0.0013,5.1e+07,0.03,2,0.00044,43,0.16,0.12,0.39,70
X736,25,FALSE,0,FALSE,0.97,21,0.021,1,0.00042,0,25,0.0013,11,0.00041,11,3031,33,1775,1124,0.34,339,0.055,2000,0.73,150,0.17,2,0.0017,986,0.34,332989,13888,0.042,6180,377,12,4,0.00086,0.00029,-0.0058,0.28,173,0.023,0,0,0,0,139,0.16,0.12,0.61,448
X80,50,FALSE,0,FALSE,0.83,16,0.021,7,0.0037,0,6,0.0039,4,0.00094,16,657,36,287,189,0.34,122,0.16,292,0.65,50,0.14,0,0,203,0.36,343178,14744,0.043,8019,489,60,464,0.0041,0.031,-0.0018,0.29,45,0.033,5.4e+07,0.03,9,0.017,47,0.14,0.02,0.21,171
X80,25,FALSE,0,FALSE,0.97,13,0.0045,4,0.0026,0,10,0.0091,0,0,12,3208,41,2357,660,0.29,0,0,1514,0.7,0,0,0,0,0,0,343178,14744,0.043,8019,489,60,464,0.0041,0.031,-0.0017,0.29,0,0,0,0,0,0,0,0,0.078,NA,907
X860,50,FALSE,0,FALSE,0.72,49,0.21,12,0.042,0,5,0.00052,4,0.00019,15,303,25,110,93,0.33,26,0.018,120,0.4,24,0.13,0,0,98,0.38,344487,17875,0.052,7260,528,1,0,5.6e-05,0,-0.006,0.29,24,0.017,7.8e+07,0.041,2,0.00045,21,0.11,0.012,0.029,29
X860,25,FALSE,0,FALSE,0.9,80,0.054,16,0.011,0,15,7e-04,15,7e-04,13,2414,31,1636,533,0.29,214,0.024,1119,0.46,94,0.17,0,0,508,0.3,344487,17875,0.052,7260,528,1,0,5.6e-05,0,-0.0061,0.29,135,0.02,1.2e+07,0.01,0,0,86,0.14,0.056,0.26,289
X88,50,FALSE,0,FALSE,0.31,128,0.67,0,0,0,3,0.00072,0,0,9,428,20,207,7,0.0046,30,0.0097,54,0.02,2,0.034,0,0,6,0.016,340661,14434,0.042,9991,515,0,0,0,0,-0.012,0.31,2,8.7e-06,1.8e+08,0.087,1,9.3e-06,13,0.046,0,-2.9e-05,0
X88,25,FALSE,0,FALSE,0.92,58,0.047,0,0,0,44,0.0087,0,0,12,3006,31,2300,495,0.071,0,0,1566,0.74,0,0,0,0,0,0,340661,14434,0.042,9991,515,0,0,0,0,-0.011,0.3,0,0,0,0,0,0,0,0,-0.0049,NA,5
X935,50,FALSE,0,TRUE,0.89,6,0.06,13,0.026,18,1,2.2e-05,1,2.2e-05,40,524,44,286,63,0.1,50,0.097,15,0.019,58,0.13,1,0.011,161,0.42,329877,13903,0.042,11762,649,2,17,0.00014,0.0012,0.00031,0.27,99,0.12,2.8e+08,0.17,20,0.032,14,0.033,0.18,0.22,117
X935,25,FALSE,0,FALSE,1,0,0,7,0.0031,65,2,0.00017,2,0.00017,37,2737,52,2489,67,0.032,752,0.24,155,0.041,199,0.15,1,0.018,116,0.086,329877,13903,0.042,11762,649,2,17,0.00014,0.0012,0.00026,0.27,701,0.17,6.1e+07,0.16,25,0.029,13,0.042,0.24,0.26,601
X93,50,FALSE,0,FALSE,1,0,0,0,0,20,7,0.00035,7,0.00035,34,931,54,588,260,0.29,219,0.2,21,0.0014,24,0.017,11,0.01,267,0.32,327562,14303,0.044,8584,546,6861,8611,0.48,0.6,-0.016,0.33,169,0.14,2.5e+08,0.23,21,0.16,18,0.011,4.3,4.9,683
X93,25,FALSE,0,FALSE,1,0,0,0,0,82,4,0.00013,4,0.00013,27,3145,65,2971,106,0.045,904,0.24,35,0.0017,56,0.018,3,0.0013,91,0.042,327562,14303,0.044,8584,546,6861,8611,0.48,0.6,-0.016,0.33,507,0.071,5600000,0.044,1,0.0059,13,0.0018,7.1,7.4,2424
X94,50,FALSE,0,FALSE,1,0,0,15,0.022,7,4,0.00013,4,0.00013,26,660,42,391,120,0.16,78,0.12,59,0.097,23,0.022,0,0,145,0.2,341319,14056,0.041,9800,561,44,275,0.0031,0.02,-0.0043,0.32,123,0.13,6300000,0.0051,9,0.0051,8,0.0033,0.044,0.061,226
X94,25,FALSE,0,FALSE,1,0,0,6,0.0018,11,4,0.00013,0,0,20,3332,49,3100,78,0.027,0,0,324,0.15,0,0,0,0,0,0,341319,14056,0.041,9800,561,44,275,0.0031,0.02,-0.0039,0.31,0,0,0,0,0,0,0,0,0.16,NA,1268
X970,50,FALSE,0,FALSE,0.8,47,0.17,9,0.031,0,17,0.02,12,0.016,15,611,53,285,208,0.37,32,0.015,264,0.44,75,0.18,1,0.0015,208,0.37,326968,14011,0.043,11275,653,60,943,0.0043,0.067,-0.0075,0.29,12,0.0025,5.7e+07,0.033,0,0,40,0.14,0.015,0.41,189
X970,25,FALSE,0,FALSE,0.95,29,0.034,6,0.0039,0,15,0.016,0,0,15,3028,67,2016,880,0.32,0,0,1825,0.77,0,0,0,0,0,0,326968,14011,0.043,11275,653,60,943,0.0043,0.067,-0.0069,0.28,0,0,0,0,0,0,0,0,0.14,NA,1157
X987,50,FALSE,0,FALSE,0.75,4,0.0039,1,5.9e-06,2,6,4e-04,5,0.00029,24,855,57,486,174,0.1,112,0.091,364,0.47,51,0.073,138,0.26,174,0.14,324753,14262,0.044,8222,505,9948,9241,0.7,0.65,-0.0081,0.3,194,0.23,9.8e+08,0.78,99,0.39,160,0.28,3.6,4,600
X987,25,FALSE,0,FALSE,1,0,0,1,0.00068,1,5,3e-04,0,0,18,3139,62,2639,439,0.13,0,0,1512,0.48,0,0,0,0,0,0,324753,14262,0.044,8222,505,9948,9241,0.7,0.65,-0.0077,0.3,0,0,0,0,0,0,0,0,5.8,NA,2208
X991,50,FALSE,0,TRUE,0.72,5,0.074,1,0.021,0,0,0,0,0,12,357,24,177,6,0.023,29,0.05,21,0.037,40,0.12,1,0.00035,96,0.39,324950,14264,0.044,11092,666,6,19,0.00042,0.0013,-0.019,0.31,18,0.01,4.6e+08,0.23,1,1.3e-05,6,0.0047,0.039,0.047,7
X991,25,FALSE,0,FALSE,0.99,3,0.0053,2,0.0031,0,0,0,0,0,12,2542,34,2323,9,0.0033,0,0,91,0.051,0,0,0,0,0,0,324950,14264,0.044,11092,666,6,19,0.00042,0.0013,-0.019,0.31,0,0,0,0,0,0,0,0,0.07,NA,95
