estimate	std_error	t_value	p_values	r_sq	FDR
del27_11q24.3 	-449.655982514613	146.003764670244	-3.079756083894	0.00235415211325527	0.0416098449557609	0.17420725638089
amp24_22q11.21	234.542362561313	96.115946859899	2.44020238289061	0.0155244473750284	0.0256469245122111	0.365469436337876
del17_9q21.11 	340.837939184057	143.086407879656	2.38204274071037	0.0181268311309848	0.0243559442860758	0.365469436337876
amp21_17q25.1 	247.833498424089	105.492364945368	2.34930270595826	0.0197551046669122	0.023641439151397	0.365469436337876
amp27_xq28    	263.73560420565	122.012749358716	2.16154136015959	0.0318067225532848	0.0197162012286572	0.470739493788615
del6_3q28    	340.797919335748	168.065626091254	2.02776693403508	0.0438718702265547	0.0171015322165837	0.541086399460841
del46_22q13.33	220.267720534297	117.303297859315	1.87776238651423	0.0618267330935108	0.0143532895276478	0.578625635700402
del40_17p11.2 	-210.469847598331	112.691122244405	-1.86767017140768	0.0632282503676211	0.0141754410269158	0.578625635700402
del42_17q21.2 	264.50743729061	145.418871610317	1.81893473908543	0.0703733881257245	0.0133292193637241	0.578625635700402
del19_10p11.21	220.652659264019	128.161426141358	1.72167762100779	0.0866290787470847	0.011703295480551	0.641055182728427
del16_9p21.3  	184.24548228314	113.402519136107	1.62470361052568	0.10575474539793	0.010166127782429	0.653563246020098
del1_1p36.13 	-230.169074978224	145.517548616533	-1.58172727046663	0.115245961037284	0.00951193810756557	0.653563246020098
amp6_5p15.33 	137.067984069434	89.0911961190872	1.53851323183737	0.125457767725655	0.00887097477686694	0.653563246020098
del7_4q13.2  	-220.121712925202	144.306178125628	-1.52537968771906	0.128698223847292	0.00867953128500321	0.653563246020098
del9_4q35.1  	-254.532601150601	173.87071012811	-1.46391879899184	0.144740416459244	0.00780450668982124	0.653563246020098
del18_9q34.3  	224.606860633018	153.558259271584	1.46268173199188	0.14507847715249	0.00778724832911504	0.653563246020098
del22_10q23.31	235.014026451778	162.811166378729	1.44347609367954	0.150405390027737	0.00752110545375484	0.653563246020098
del14_7q34    	-128.438023464432	90.8557730135074	-1.41364735783313	0.15897484362651	0.00711445136589706	0.653563246020098
amp4_1q44    	125.573017694216	95.5053333160548	1.31482728067823	0.190029799396386	0.00582570442213581	0.685976290754852
amp8_6p22.1  	-74.7197635172536	61.5283503607885	-1.21439569042748	0.225986928219907	0.00460852465985961	0.685976290754852
amp13_11q13.3 	-83.822897013026	71.6558163796158	-1.16979892558828	0.243433555110469	0.00409814149993504	0.685976290754852
del3_1q21.3  	104.04088791903	89.4994118677155	1.16247566043012	0.246387255287742	0.00401610745704883	0.685976290754852
del25_11q11   	-146.834929363602	127.701870767784	-1.14982598516986	0.251548674981637	0.00387558990321057	0.685976290754852
del8_4q13.2  	-184.85929975185	161.777727381731	-1.14267459893077	0.254500029849788	0.00379681243526131	0.685976290754852
del32_14q11.2 	-127.211738601938	111.809458930306	-1.1377547107283	0.256544489393398	0.00374289465235367	0.685976290754852
del44_19q12   	-198.358565791515	177.697479578755	-1.11627112698356	0.265606462926796	0.00351011191785278	0.685976290754852
amp17_14q11.2 	-124.1018796221	111.519518018068	-1.11282654218425	0.267079826859486	0.00347319132384161	0.685976290754852
del36_16p12.2 	216.480354909251	195.357256597343	1.10812548599331	0.269099746992108	0.00342298304975297	0.685976290754852
del26_11q12.3 	-114.44839033086	104.056815983165	-1.09986442742372	0.272674843464873	0.00333525599118656	0.685976290754852
del10_5p15.2  	136.267535528959	127.283143599569	1.07058587394459	0.285608419575744	0.00302950231775234	0.685976290754852
amp12_11q12.3 	-110.365895513229	103.66129400227	-1.0646779646684	0.288268031719999	0.00296878434767123	0.685976290754852
del39_17p12   	-122.719468689245	118.870408596633	-1.03238030505702	0.303104499823546	0.00264266098383792	0.685976290754852
amp10_7q34    	-88.956448549125	86.6686820454846	-1.02639669197277	0.305908345877164	0.00258332187187915	0.685976290754852
del30_12q24.33	-181.169105980679	186.901561177673	-0.969329013835554	0.333517763391175	0.00203438288342739	0.72589160267491
amp25_22q13.2 	68.7309144917382	76.2571587583191	0.901304423228858	0.368479020551158	0.00142034701661042	0.774878352373255
amp2_1p12    	87.3711057957705	103.47597854996	0.844361242291481	0.399447077324904	0.000940151799111777	0.774878352373255
del21_10q11.23	135.332393514671	167.24058532483	0.809207844207289	0.419329250282117	0.000659132835100218	0.774878352373255
amp18_15q25.1 	-75.969815578244	93.9773602743346	-0.808384225269535	0.419801997343908	0.000652690159756553	0.774878352373255
amp19_15q26.3 	-70.9987710675201	88.982038547247	-0.797900028215489	0.425847318567025	0.00057124473661585	0.774878352373255
del23_10q26.3 	133.657730419394	174.815890773992	0.764562819933751	0.44540683940684	0.000319249160320001	0.774878352373255
amp11_8q24.21 	-54.116517237281	70.8269672988296	-0.764066559689833	0.445701848013639	0.00031557822477013	0.774878352373255
del5_2q37.3  	118.40615702674	155.687027711049	0.760539646543309	0.447801697012834	0.000289556839065952	0.774878352373255
del35_15q14   	115.344806620912	152.489650395704	0.756410722443111	0.450267150703378	0.000259245109642703	0.774878352373255
amp1_1p36.22 	-90.069660874285	125.93461142618	-0.715209741422687	0.475289251181724	-3.42808241058368e-05	0.799350104260172
del38_16q24.3 	110.164979921753	167.024309219286	0.659574528023447	0.510263601737851	-0.000404804349376731	0.839100145080022
amp26_xp22.2  	64.6414734789331	103.798676481946	0.622758166768882	0.534132235836326	-0.000633645048972786	0.8442498843142
del34_15q11.2 	68.1855674093862	111.76667471815	0.610070645667277	0.542487402236472	-0.000709485951017497	0.8442498843142
del20_10q11.22	96.7218495503777	160.581355674255	0.602323035225716	0.547621546582184	-0.000755035917238134	0.8442498843142
del47_xp22.33 	100.593298132636	172.99663073906	0.581475475579443	0.56155575750834	-0.000874732387184496	0.848063797053411
del45_19q13.42	-71.3310724479811	128.866287047416	-0.553527800655381	0.580502323019285	-0.00102862218799094	0.859143438068541
del37_16q12.1 	90.7453363711753	178.263965188058	0.509050364023062	0.611261732099028	-0.00125799077848265	0.88692878775153
amp16_12q15   	-33.1786373502896	72.323699459856	-0.458751938826163	0.646895952928209	-0.00149435207148541	0.910859648717004
amp9_7p21.3  	-36.3544458027336	80.5858122290668	-0.451127125199103	0.652372451108124	-0.00152804706241394	0.910859648717004
amp5_3p13    	37.3908904286758	88.5220906151221	0.422390503532554	0.673180538612136	-0.00164998176020537	0.922406360581407
del33_14q32.33	-44.2346888831489	114.82421227289	-0.385238339610996	0.700458318675402	-0.00179577317009705	0.922406360581407
del29_12q13.13	59.1826283260483	164.318066532149	0.360171158139019	0.719088145686913	-0.00188658428380917	0.922406360581407
amp3_1q21.2  	-26.8375431757203	75.973868254067	-0.35324702812251	0.724264473747541	-0.00191059459224574	0.922406360581407
del41_17q11.2 	-55.6989772139443	166.718464357837	-0.334090032729635	0.738651484827885	-0.00197460102988067	0.922406360581407
amp22_19q13.43	-39.26653490414	121.370940104432	-0.323525012415275	0.746625866537596	-0.00200837724335345	0.922406360581407
del13_6q27    	-45.338418740988	145.945092808211	-0.310653944360898	0.756377806664872	-0.0020480623121395	0.922406360581407
del24_11p15.5 	44.6584747393268	149.911017821022	0.297899883467166	0.766079807387328	-0.00208580056273844	0.922406360581407
amp15_12q14.1 	22.0091567997843	76.1407202255139	0.289058952090254	0.772826950757395	-0.00211103346670072	0.922406360581407
del4_2p11.1  	-39.7858761258872	169.352124104938	-0.234929891409181	0.814496506262041	-0.00224897174874727	0.956710181958587
amp20_16p11.2 	-32.2486913981634	147.831081397048	-0.218145542151243	0.827531658456773	-0.0022859616445654	0.956833480090644
del28_12p13.31	20.813673437698	108.819374314881	0.191268085933588	0.848503946988913	-0.00233949170894632	0.96397742418847
del12_6p22.1  	15.2270562384662	87.8363989639371	0.173357018480663	0.862541030328257	-0.00237126427594014	0.96397742418847
del2_1p21.1  	-22.6787272132935	141.463913514571	-0.160314575285361	0.87279037054902	-0.00239243742219974	0.96397742418847
del43_19p13.2 	15.9971759537335	124.41812152362	0.128575932169949	0.897818651379112	-0.00243705000196637	0.968354769855275
amp7_5q31.3  	12.5270772634579	102.582572003614	0.122117012849089	0.902925393513702	-0.00244492880826619	0.968354769855275
amp23_20q13.33	13.7662988019071	133.933028560004	0.102784943713414	0.918233642548226	-0.00246608524890424	0.970704136408124
del11_5q31.3  	8.69098949777979	144.169873019479	0.0602829794863283	0.951988700083032	-0.00249981183234671	0.992213574734427
del31_13q34   	3.89981194030779	136.114298763536	0.0286510085695164	0.977170667192163	-0.00251350201899547	0.996795673787983
amp14_12p13.31	2.22102505123581	108.026926382009	0.0205599208051308	0.983616612618319	-0.00251543973710433	0.996795673787983
del15_8p21.3  	0.485442509269751	120.729364000667	0.00402091498856128	0.996795673787983	-0.00251741820888851	0.996795673787983
