estimate	std_error	t_value	p_values	r_sq	FDR
amp5_3p13    	-1.47699502179073	0.257751762303247	-5.73030038123673	1.60915675597383e-07	0.273461498839788	1.19077599942063e-05
del36_16p12.2 	2.1086772990143	0.495467299943233	4.25593636402623	5.49918555239024e-05	0.166611440567411	0.00146470115993718
amp17_14q11.2 	-1.16193017967729	0.280949651309689	-4.13572387173566	8.50682073895851e-05	0.15812837322383	0.00146470115993718
del32_14q11.2 	-1.16193017967729	0.280949651309689	-4.13572387173566	8.50682073895851e-05	0.15812837322383	0.00146470115993718
amp21_17q25.1 	-1.00689836265451	0.245970893572603	-4.09356712101103	9.89662945903501e-05	0.155170999223301	0.00146470115993718
amp20_16p11.2 	-1.51262373483292	0.390934984482649	-3.86924628102722	0.00021808892889675	0.139609092725307	0.00268976345639325
del38_16q24.3 	1.62420525979755	0.436767857564478	3.71869227935982	0.000365180824035956	0.129352184957764	0.00322525385160416
del37_16q12.1 	1.66703450920641	0.448343580043829	3.71820760552308	0.000365780087014579	0.129319435441389	0.00322525385160416
del10_5p15.2  	-1.27212926650153	0.344050102736466	-3.69751166002688	0.000392260603573479	0.127922699207407	0.00322525385160416
del14_7q34    	-0.748790004505209	0.225538590681562	-3.32000835086545	0.0013449653853984	0.103087273652546	0.00995274385194815
del31_13q34   	1.0720490338257	0.34245188651823	3.1305099373971	0.002418076829456	0.0911444434766375	0.0162670623072494
amp25_22q13.2 	-0.748774849078702	0.245887650812533	-3.04519095043766	0.00312608973264924	0.0858977753913065	0.018386618889799
amp10_7q34    	-0.650607413289847	0.214424164090921	-3.03420752995905	0.00323008169685658	0.0852285574133271	0.018386618889799
del4_2p11.1  	1.75057753713352	0.583250335079737	3.00141711344958	0.00355994606298134	0.0832392597348319	0.0188168577614728
del23_10q26.3 	1.35945344513085	0.505916996577718	2.68710767641112	0.00872444122494464	0.0648676082706093	0.0430405767097269
del5_2q37.3  	0.963986517026829	0.386461177390881	2.49439419383598	0.0146256412117801	0.0542832642112628	0.0643110939889582
del47_xp22.33 	1.04765843844098	0.420657322653705	2.49052704427408	0.0147741702407066	0.0540765699867937	0.0643110939889582
del29_12q13.13	-1.31943442419506	0.535024443339023	-2.46611989530914	0.0157432281005472	0.0527773727191111	0.0647221599689163
del13_6q27    	0.940189786045285	0.409477187132491	2.29607366561565	0.0242241127072868	0.0439881309026107	0.0943465442283801
amp6_5p15.33 	-0.492959235003884	0.237622513022394	-2.07454768798538	0.0411647314266035	0.033263027893602	0.152309506278433
del44_19q12   	-0.913081923247985	0.475661908653159	-1.91960278222274	0.0583859638859718	0.0262806092283268	0.205385460140991
del27_11q24.3 	0.747020268885194	0.393343360342051	1.89915565941061	0.0610605422040785	0.0253924721777853	0.205385460140991
del16_9p21.3  	0.56107533774308	0.311989212457157	1.79838057003374	0.0757967051858009	0.0211317654542185	0.243867660163012
amp4_1q44    	0.567502911718196	0.331380533223579	1.71254148877631	0.0905761315744428	0.0176583634458468	0.279276405687865
del24_11p15.5 	0.621845948928454	0.377053208900864	1.64922598256404	0.102927405239899	0.0151903095800672	0.3046651195101
amp23_20q13.33	0.636935918434177	0.402207724691722	1.58359941724731	0.117134330432619	0.0127179165610264	0.333382325077453
del33_14q32.33	0.435303127458019	0.281273745523659	1.54761379042895	0.125566284435392	0.0113997639558844	0.344144631415518
del11_5q31.3  	-0.500025630445811	0.372513125735062	-1.34230338718706	0.18320223393032	0.00440031537920482	0.455401433309554
del9_4q35.1  	0.801726331934114	0.598940666814765	1.33857387944249	0.184408961724289	0.0042815166543172	0.455401433309554
del30_12q24.33	0.738577681292778	0.552035603091429	1.33791675239188	0.184622202693062	0.00426061602603756	0.455401433309554
amp27_xq28    	-0.537316261369491	0.428002741923502	-1.2554037830569	0.212897956675305	0.0017111905730377	0.5041259752599
del42_17q21.2 	0.512165153008296	0.412573314198108	1.2413918578417	0.218000421734011	0.00129313206913195	0.5041259752599
amp3_1q21.2  	0.294090496687657	0.241367656380361	1.21843374169492	0.226553168495483	0.000617558995779866	0.508028317232295
amp7_5q31.3  	-0.30936167529154	0.266816933423588	-1.15945293022467	0.249636702132433	-0.00106417593680197	0.543326939935296
del3_1q21.3  	0.298699001311511	0.266346270543531	1.12146868323689	0.265361843239387	-0.00210589697264796	0.561050754277562
amp13_11q13.3 	-0.287873324063786	0.284870981679927	-1.0105393057803	0.315209602837839	-0.0049605943018578	0.64793085027778
del45_19q13.42	0.309918022457731	0.332595073262348	0.931817839085279	0.354166136584115	-0.00681490690074971	0.708332273168229
del39_17p12   	0.25458233714248	0.289303606100034	0.879983283217189	0.381440083246013	-0.00795721605229271	0.731015855883369
amp24_22q11.21	-0.223390223324614	0.259739056213013	-0.860056344939555	0.392265571206349	-0.0083796199212387	0.731015855883369
amp11_8q24.21 	0.172759103725638	0.202100947335645	0.854815902662361	0.395143705882902	-0.00848915595737076	0.731015855883369
del18_9q34.3  	0.376124777399473	0.46425719802637	0.810164665186536	0.42019050379608	-0.00939621924509848	0.758392616607559
del22_10q23.31	-0.354358724535972	0.473117828277529	-0.748986200384963	0.456008699168268	-0.0105624206155721	0.79300411332358
amp9_7p21.3  	0.200351107378651	0.27090877269205	0.739551936202509	0.461683885032926	-0.0107343421110377	0.79300411332358
amp18_15q25.1 	0.204157019293534	0.287394701685423	0.71037154859243	0.479489248587604	-0.0112526583955821	0.79300411332358
del46_22q13.33	-0.206041895827013	0.292405995303582	-0.704643198622161	0.483028875508394	-0.0113520190734908	0.79300411332358
del19_10p11.21	0.204604030328863	0.297082110280507	0.688712053834797	0.49294850287682	-0.0116242217702194	0.79300411332358
amp15_12q14.1 	-0.139806313867721	0.214027136601248	-0.653217699810621	0.515443353341307	-0.0122087969882207	0.8115491095161
del6_3q28    	0.313109880155597	0.506024579172687	0.618764172814507	0.537786885957383	-0.0127472499916927	0.829088115850965
amp26_xp22.2  	0.150102483434009	0.296789988437241	0.50575319007349	0.614386813735778	-0.0143119152204052	0.921387000127755
del40_17p11.2 	-0.214518753166987	0.434163350456138	-0.494096871469253	0.622558783870105	-0.014455650339946	0.921387000127755
del7_4q13.2  	-0.196249178715324	0.467837939040384	-0.419481111595748	0.675961507902125	-0.0152971703487306	0.940013832442691
amp12_11q12.3 	0.160990083048861	0.400929438255018	0.401542185950586	0.689065563626403	-0.0154791731707147	0.940013832442691
del26_11q12.3 	0.159693019994704	0.399996064895463	0.399236477579946	0.690756857076344	-0.0155019939612666	0.940013832442691
amp22_19q13.43	0.152827393336152	0.398514311759979	0.383492860422534	0.70234684248796	-0.0156543307696209	0.940013832442691
amp19_15q26.3 	0.0952764652102246	0.281775229193359	0.338129314925849	0.736129916358191	-0.0160592270848994	0.940013832442691
del8_4q13.2  	-0.172854231154316	0.520681845452754	-0.331976681468532	0.740753928753322	-0.016110245435754	0.940013832442691
del34_15q11.2 	-0.0913011826383709	0.278594834087493	-0.327720300117617	0.743958414698018	-0.0161449945353533	0.940013832442691
del35_15q14   	-0.122120675991865	0.41864799749488	-0.291702520309699	0.771250761603532	-0.0164211766443432	0.940013832442691
del43_19p13.2 	-0.0889578932722715	0.342788976987825	-0.259512117495631	0.795890561190255	-0.0166409375652363	0.940013832442691
del25_11q11   	0.097348876249358	0.387449050198814	0.251255942424958	0.802244809455361	-0.016693179847767	0.940013832442691
amp16_12q15   	-0.047025121872684	0.196266205399871	-0.239598670473479	0.811239292421281	-0.0167640758788641	0.940013832442691
del12_6p22.1  	0.067961427781571	0.292223993009978	0.232566214298668	0.816677754326724	-0.0168052212226319	0.940013832442691
amp2_1p12    	0.048261539634431	0.228917093465781	0.210825408027668	0.833546545666014	-0.0169246892527708	0.940013832442691
del15_8p21.3  	0.0594618014443708	0.326472689265191	0.18213407552774	0.855927017018074	-0.0170644540423603	0.940013832442691
amp8_6p22.1  	0.0516031121171322	0.28590566780363	0.180489993477761	0.857213237285414	-0.0170718457067129	0.940013832442691
del41_17q11.2 	-0.0837925024452254	0.515442319992929	-0.162564266058664	0.871261465301775	-0.0171480952842076	0.940013832442691
del20_10q11.22	-0.0757009061348976	0.495617288320602	-0.152740648719923	0.878978024801827	-0.0171865056967899	0.940013832442691
del21_10q11.23	-0.0782818894132364	0.527310944663345	-0.1484548921381	0.882348250584179	-0.0172025140282592	0.940013832442691
del1_1p36.13 	-0.0734080109689115	0.496132276080474	-0.147960563156356	0.882737120923485	-0.0172043311940724	0.940013832442691
amp14_12p13.31	0.0597368313012108	0.427462998616702	0.139747373444071	0.889202273932275	-0.0172336370644792	0.940013832442691
del2_1p21.1  	-0.0360921139170384	0.356247979475136	-0.101311771564889	0.919550289527537	-0.017348560817577	0.942209118465128
del28_12p13.31	0.0420925836366624	0.423133445216716	0.0994782712463295	0.921001337390335	-0.0173531277719883	0.942209118465128
amp1_1p36.22 	-0.0380831753780757	0.465473586734505	-0.0818159750916166	0.934992428262452	-0.0173928518297821	0.942209118465128
del17_9q21.11 	-0.0292187588112994	0.401819692405002	-0.0727160947150625	0.942209118465128	-0.0174102980411823	0.942209118465128
