estimate	std_error	t_value	p_values	r_sq	FDR
amp21_17q25.1 	-3.32571031360135	1.85473489589139	-1.79309200520703	0.0766454340104247	0.0336139137006286	0.994895837224887
amp25_22q13.2 	-3.0506238297737	1.78557515581935	-1.70848245722474	0.0913297607212037	0.0302423684971076	0.994895837224887
amp10_7q34    	-2.46316084236622	1.5604563025034	-1.57848754778627	0.118303782014944	0.0253381293407111	0.994895837224887
del14_7q34    	-2.54581342572908	1.65894265003357	-1.53460002109027	0.128731649819023	0.0237595165950536	0.994895837224887
del30_12q24.33	5.58362863980623	3.85972116662506	1.44664041747051	0.151809541913162	0.0207152798069467	0.994895837224887
del36_16p12.2 	5.04805480019622	3.79390905396825	1.33056821562873	0.187019512182353	0.0169468966194944	0.994895837224887
del10_5p15.2  	-3.26991084676099	2.57785635184353	-1.26846123307939	0.208222615333054	0.0150489866322184	0.994895837224887
amp6_5p15.33 	-2.13537379073663	1.69116524437281	-1.2626641884002	0.210288860810586	0.0148761012912166	0.994895837224887
del16_9p21.3  	2.67999000767132	2.20823711780163	1.21363325798062	0.228371936952962	0.0134431934215795	0.994895837224887
amp24_22q11.21	-2.17455188024809	1.81166197698608	-1.20030773282869	0.233476044856727	0.0130628683636322	0.994895837224887
del37_16q12.1 	4.00999646228472	3.3658051135085	1.19139294375387	0.236936370573942	0.0128106131005101	0.994895837224887
del23_10q26.3 	4.29651476079995	3.66580343415978	1.17205268584859	0.244569946636835	0.0122693863665697	0.994895837224887
del21_10q11.23	3.75240804092362	3.67068638716232	1.02226331675926	0.309662752556611	0.00836003171970678	0.994895837224887
del47_xp22.33 	3.10030949938463	3.03662787094835	1.02097116641967	0.310270853796412	0.00832850451405864	0.994895837224887
del20_10q11.22	3.52185224203907	3.45015237364008	1.0207816527023	0.310360108661238	0.00832388374919213	0.994895837224887
del38_16q24.3 	3.34564971998592	3.28652101362298	1.01799127591695	0.311676284406859	0.00825594249804196	0.994895837224887
amp5_3p13    	-2.132162332959	2.12350316310893	-1.00407777581899	0.318294921894449	0.00791980951195148	0.994895837224887
del3_1q21.3  	-1.68480626892678	1.8706230703022	-0.900665823957041	0.370403661940948	0.00556006511341056	0.994895837224887
del27_11q24.3 	2.49714889098935	2.80154245040806	0.891347868252228	0.375350602182074	0.00535950755745274	0.994895837224887
amp20_16p11.2 	-2.6380296024005	2.96348243438851	-0.890178923211617	0.375974121287615	0.0053344890142909	0.994895837224887
del13_6q27    	2.58078149352402	2.94515528698848	0.876280277962169	0.383437527432205	0.00503944189620342	0.994895837224887
del12_6p22.1  	-1.7113497539527	2.03879337833803	-0.839393423647347	0.403689118601069	0.00427809494617093	0.994895837224887
amp3_1q21.2  	-1.36819454965957	1.69917099645167	-0.805212984753582	0.423025482875868	0.00360085371194852	0.994895837224887
del11_5q31.3  	-2.04094303743355	2.62810120715804	-0.776584642887699	0.439638252486749	0.00305461282981501	0.994895837224887
del18_9q34.3  	2.41089658566742	3.25396628809318	0.740910130043235	0.46086439579232	0.00240081258137081	0.994895837224887
amp8_6p22.1  	-1.40749650632496	1.99696055452009	-0.7048193832067	0.482919793621944	0.0017698522500692	0.994895837224887
del7_4q13.2  	2.26928461156849	3.27086034292817	0.693788292268376	0.489775733607364	0.00158313289673662	0.994895837224887
amp16_12q15   	-0.909376029376804	1.37153997292088	-0.663032829761543	0.509169101751599	0.00107774966812324	0.994895837224887
del46_22q13.33	-1.35398044086911	2.04887651973197	-0.660840430269675	0.510567035187881	0.00104257928182705	0.994895837224887
amp15_12q14.1 	-0.851736747915083	1.50008482685607	-0.567792389247867	0.571727357200158	-0.000344682310938094	0.994895837224887
amp9_7p21.3  	-1.05460223752933	1.90031058114889	-0.554963092870714	0.580430621972594	-0.000519745858762022	0.994895837224887
del33_14q32.33	1.05726153591255	1.99531143455134	0.529872939935454	0.597631850684537	-0.000850720524230741	0.994895837224887
amp17_14q11.2 	-1.13565127992511	2.15977597411495	-0.525819017127686	0.600433123468008	-0.000902780775622336	0.994895837224887
del32_14q11.2 	-1.13565127992511	2.15977597411495	-0.525819017127686	0.600433123468008	-0.000902780775622336	0.994895837224887
del8_4q13.2  	1.84634581078983	3.64382286330695	0.506705698946676	0.613721163178007	-0.00114291656536536	0.994895837224887
amp23_20q13.33	-1.38938436893748	2.85586711499963	-0.486501756906031	0.627909223887944	-0.00138720706293483	0.994895837224887
amp19_15q26.3 	-0.95060854262957	1.97225493935154	-0.481990701943494	0.631096550950246	-0.00144040978878746	0.994895837224887
amp4_1q44    	-1.13062138793965	2.35896954781979	-0.479286131092532	0.633010851057499	-0.00147207214020151	0.994895837224887
amp7_5q31.3  	-0.88175949293939	1.88163665453835	-0.468613050671956	0.640589633977964	-0.00159530184918188	0.994895837224887
del4_2p11.1  	1.75272347109632	4.29953463075478	0.407654228101572	0.684589902191438	-0.00224643879245345	0.994895837224887
del9_4q35.1  	1.63091568658011	4.23699150364116	0.384923048625079	0.701291014684802	-0.00246624514464555	0.994895837224887
amp14_12p13.31	-1.14716556015544	2.99180489118544	-0.383435953171698	0.702388866041555	-0.00248018893863033	0.994895837224887
amp2_1p12    	-0.560196416979203	1.60267185509015	-0.349539062035686	0.727580744840664	-0.00278348333188361	0.994895837224887
amp1_1p36.22 	-1.06936498589913	3.258365094534	-0.328190658466427	0.743604074582636	-0.00296018684029242	0.994895837224887
del5_2q37.3  	0.918477755396037	2.80592373045088	0.327335253424172	0.744248527172965	-0.00296703642741369	0.994895837224887
del28_12p13.31	-0.931352423909031	2.96219709646734	-0.314412712449061	0.754006177549467	-0.00306834868109407	0.994895837224887
amp11_8q24.21 	-0.437749951577778	1.42107068709279	-0.308042348317888	0.758831232161491	-0.00311679788670149	0.994895837224887
del1_1p36.13 	-1.06383427369494	3.47359531296982	-0.306263159016469	0.760180548990341	-0.00313015300460728	0.994895837224887
del19_10p11.21	0.629983933376162	2.08573687347789	0.302043820285771	0.763383412693634	-0.00316151673494036	0.994895837224887
del22_10q23.31	0.950869602882438	3.32357266321621	0.28609863518443	0.775524118385544	-0.00327613024415618	0.994895837224887
amp26_xp22.2  	0.562047530631486	2.08115540732515	0.270065142013527	0.787788656125793	-0.003385136485619	0.994895837224887
amp22_19q13.43	0.602717192872297	2.79306966940814	0.215790246650029	0.829687119241717	-0.00370762427589733	0.994895837224887
del40_17p11.2 	-0.619108786684365	3.04481741980643	-0.203331990501987	0.839379280914761	-0.00377150538045079	0.994895837224887
del24_11p15.5 	0.511415230973288	2.6838883096677	0.190550116832771	0.849349042123317	-0.00383310663011938	0.994895837224887
del42_17q21.2 	-0.537048462310624	2.91626114278277	-0.184156505887589	0.854345337040213	-0.003862422693933	0.994895837224887
del17_9q21.11 	-0.504769099597628	2.81405155448261	-0.17937450321177	0.858086142690596	-0.00388369630655538	0.994895837224887
del45_19q13.42	0.366372726720449	2.34158678962431	0.156463441092111	0.876052310897336	-0.00397786681097512	0.994895837224887
amp13_11q13.3 	-0.286553217506341	2.00749203567184	-0.142741895068311	0.886844191820352	-0.0040281212891855	0.994895837224887
del6_3q28    	-0.467588505713347	3.55229711529998	-0.131629897651132	0.895599468453971	-0.00406544388669761	0.994895837224887
del34_15q11.2 	-0.249120362519707	1.9524782131704	-0.127591878280265	0.898784341826135	-0.00407825839169185	0.994895837224887
del41_17q11.2 	-0.411813412671092	3.61066850346298	-0.114054616832346	0.909473295461911	-0.00411830780303069	0.994895837224887
del35_15q14   	-0.314185699511859	2.93370121257024	-0.107095330010311	0.914974942022678	-0.00413715131585479	0.994895837224887
del44_19q12   	-0.347793847352968	3.40555526665113	-0.102125445080494	0.918906428429166	-0.00414988268435534	0.994895837224887
del39_17p12   	0.204460574882698	2.03582373888022	0.100431373786396	0.920247010131805	-0.00415408423713393	0.994895837224887
del31_13q34   	-0.226426026597863	2.53784524658623	-0.0892197926183398	0.929124789399484	-0.00418011978571675	0.994895837224887
del43_19p13.2 	0.198963831475163	2.40192236596167	0.082835246590288	0.934184419102185	-0.00419357091807648	0.994895837224887
del15_8p21.3  	-0.185823114806844	2.28712143149316	-0.0812475945737294	0.935443031375406	-0.00419676089183718	0.994895837224887
amp12_11q12.3 	0.204070545262665	2.81094639371336	0.0725985190322613	0.942302395182548	-0.00421305510038494	0.994895837224887
del29_12q13.13	-0.277771571177913	3.88390082971773	-0.0715187084728166	0.943159082496118	-0.00421496077342609	0.994895837224887
amp27_xq28    	-0.154278389742594	3.02653467386174	-0.0509752592874612	0.959469204597114	-0.00424577754486122	0.994895837224887
del2_1p21.1  	-0.0846027214552613	2.49544822446344	-0.0339028157851089	0.973037038505725	-0.00426352398630536	0.994895837224887
del26_11q12.3 	0.0897543269622503	2.80444354055883	0.0320043265853608	0.974546372689317	-0.00426505637529995	0.994895837224887
del25_11q11   	-0.0633125216334104	2.71489032784605	-0.0233204711748491	0.98145129888401	-0.004270940258426	0.994895837224887
amp18_15q25.1 	0.00819719548523583	2.01921684474386	0.00405959147308701	0.996770783596151	-0.00427739899412094	0.996770783596151
