estimate	std_error	t_value	p_values	r_sq	FDR
amp26_xp22.2  	34.9014079504822	6.23738048458242	5.59552331892397	2.82977166627927e-07	0.24668354978181	2.09403103304666e-05
del36_16p12.2 	30.7753515044338	13.0691676429514	2.35480577992523	0.0209226009354022	0.0249804102697233	0.62052404935843
del18_9q34.3  	24.6201080061066	11.1711421218516	2.20390249605255	0.0303346930331279	0.0172580852286531	0.62052404935843
del17_9q21.11 	20.842257871507	9.64077624984843	2.16188586181893	0.0335418405058611	0.0151782169632326	0.62052404935843
del6_3q28    	24.7240300171754	12.2092893653512	2.02501794144874	0.0461192704363931	0.00862362551760831	0.682565202458618
del44_19q12   	-19.0802857288096	11.8069955483859	-1.61601532334092	0.109932160589945	-0.00882494596720584	0.966720184094247
del22_10q23.31	-18.1130430900849	11.5378042823036	-1.56988649199625	0.120292487332518	-0.0105802251917766	0.966720184094247
del38_16q24.3 	17.7779796046222	11.4798269945665	1.54862783324494	0.12532225338779	-0.011374043237832	0.966720184094247
amp23_20q13.33	15.2917331362824	9.92895096214538	1.54011568740574	0.127382436027878	-0.0116892057744817	0.966720184094247
del37_16q12.1 	16.4119241708976	11.8167558908917	1.3888688505064	0.168633368944982	-0.0170291739859576	0.966720184094247
del15_8p21.3  	10.7374058282803	7.96673695637797	1.34777963513458	0.181441139173418	-0.018393602237404	0.966720184094247
amp5_3p13    	9.78920241862314	7.44574616401706	1.31473759687528	0.192263349867072	-0.0194636457224462	0.966720184094247
del30_12q24.33	16.0212773441795	13.6503035131722	1.17369385440546	0.243915431185602	-0.0237550761963408	0.966720184094247
amp17_14q11.2 	-8.3515767506967	7.56250158392169	-1.10434049606715	0.272675511480029	-0.0256986380925455	0.966720184094247
del32_14q11.2 	-8.3515767506967	7.56250158392169	-1.10434049606715	0.272675511480029	-0.0256986380925455	0.966720184094247
del46_22q13.33	7.31355976658709	7.18914734171681	1.01730558840384	0.312000284932298	-0.0279796390586484	0.966720184094247
del16_9p21.3  	-7.46991629883786	7.80242141334289	-0.957384368660681	0.341187501087357	-0.0294466139121168	0.966720184094247
del35_15q14   	9.12516991292586	10.2825848166814	0.88743930398922	0.377437992761748	-0.0310511546419945	0.966720184094247
del13_6q27    	8.56015699211196	10.376937010216	0.824921360097355	0.41180955318117	-0.0323861417530769	0.966720184094247
amp7_5q31.3  	-5.08803653891367	6.61127674856996	-0.769599690409908	0.443748709716014	-0.0334887677504838	0.966720184094247
amp13_11q13.3 	-5.41941256506242	7.04495090557853	-0.769261934922935	0.443948034744476	-0.033495271607759	0.966720184094247
del23_10q26.3 	9.56244565160927	12.9740216916347	0.73704560381419	0.463198296564956	-0.0341028701620203	0.966720184094247
del43_19p13.2 	-6.17370895686708	8.43128038603416	-0.732238601279755	0.466110726640048	-0.034191361258165	0.966720184094247
del10_5p15.2  	6.68293849004874	9.13687778400349	0.731424743553973	0.466604843640911	-0.0342062875707132	0.966720184094247
amp21_17q25.1 	-4.53392891163289	6.63947371710329	-0.682874743513705	0.496610780590154	-0.0350674026379765	0.966720184094247
amp9_7p21.3  	4.38739578547798	6.68703051263792	0.656105243902533	0.513593277122578	-0.0355174882947529	0.966720184094247
del25_11q11   	-6.10604845662976	9.53679625559897	-0.640262022274508	0.523787342757357	-0.0357755653637475	0.966720184094247
del3_1q21.3  	-4.08481310160599	6.60457566472622	-0.618482293029392	0.537971711122334	-0.0361202489365471	0.966720184094247
amp22_19q13.43	-6.03824366262268	9.81605399549214	-0.615139613677313	0.540165938343475	-0.0361721138452198	0.966720184094247
del11_5q31.3  	-5.21855036471467	9.27101954188172	-0.562888508770792	0.575046633425795	-0.0369469222591994	0.966720184094247
amp27_xq28    	5.941134115722	10.6379948408725	0.558482515228849	0.578036797837913	-0.0370091647655157	0.966720184094247
amp16_12q15   	-2.47102254841734	4.835157440893	-0.511053172233616	0.610687100505912	-0.037648649340396	0.966720184094247
amp3_1q21.2  	-3.06281914677591	5.99776529992645	-0.510660053139037	0.610961176036879	-0.03765371587122	0.966720184094247
del31_13q34   	-4.02054124803332	8.92650185122756	-0.45040502035861	0.653607039435636	-0.0383847061725311	0.966720184094247
del24_11p15.5 	-4.19029778005292	9.4421585689958	-0.443785999719614	0.658366160218629	-0.0384594760451193	0.966720184094247
amp4_1q44    	-3.6252426893115	8.30917567838977	-0.436293903225552	0.663770076678484	-0.0385427854778482	0.966720184094247
del40_17p11.2 	4.67098612589033	10.7127131753364	0.436022700266466	0.663966027147177	-0.0385457748044262	0.966720184094247
amp2_1p12    	-2.44981193603558	5.64158026208966	-0.434242148870565	0.665253097714853	-0.0385653551429164	0.966720184094247
del4_2p11.1  	-6.29027697559389	15.1403563654713	-0.41546426145816	0.678887245473594	-0.0387670163545673	0.966720184094247
del1_1p36.13 	-4.87766121246338	12.2275125084958	-0.398908707643875	0.690997412255321	-0.0389374790660937	0.966720184094247
del21_10q11.23	-5.0883145184182	12.9964054153	-0.39151706612876	0.696430643507109	-0.0390113657993147	0.966720184094247
amp15_12q14.1 	-2.0163427462752	5.2882851785169	-0.381284798041221	0.703978079857085	-0.0391113835853003	0.966720184094247
del19_10p11.21	-2.74270115443485	7.34282979811037	-0.373521003461181	0.709724669367733	-0.0391855178899463	0.966720184094247
del14_7q34    	2.18065699342057	5.9204201055627	0.368328083909396	0.713577784517852	-0.0392342582200684	0.966720184094247
del47_xp22.33 	3.89969235818539	10.7527154122213	0.36267047054487	0.717784181669775	-0.0392865885322127	0.966720184094247
del39_17p12   	2.51889487198876	7.16426118052494	0.35159171455614	0.726046341186355	-0.0393867304514794	0.966720184094247
del7_4q13.2  	3.71109780095328	11.5449249043535	0.321448414060609	0.748688531495278	-0.0396435618773572	0.966720184094247
del12_6p22.1  	-2.25317637174725	7.20616109119005	-0.312673605715239	0.755322454337219	-0.0397140252796877	0.966720184094247
amp1_1p36.22 	-3.53486280905029	11.4753327541326	-0.308040113937201	0.758832926222322	-0.0397504501090071	0.966720184094247
del9_4q35.1  	-4.10998240085979	14.9272765257102	-0.275333708314501	0.783752477895824	-0.0399921595992165	0.966720184094247
del27_11q24.3 	2.70407571595864	9.90890222373328	0.27289357134658	0.78562110499765	-0.0400091106576179	0.966720184094247
del33_14q32.33	-1.8600606546555	7.03557415328528	-0.264379368922854	0.792150968305129	-0.0400670791756135	0.966720184094247
del20_10q11.22	-3.13622592705405	12.2218674298646	-0.256607752051913	0.798124317671239	-0.0401183933399691	0.966720184094247
del42_17q21.2 	2.51614473354894	10.2680714036267	0.245045504130428	0.807033402869372	-0.0401919118888807	0.966720184094247
del41_17q11.2 	3.06430923342485	12.711589625768	0.241064203898867	0.810107098077719	-0.0402164449180893	0.966720184094247
amp20_16p11.2 	2.46014854191492	10.4827818571682	0.234684702537491	0.815038488532585	-0.0402549202869051	0.966720184094247
amp10_7q34    	1.26664753540955	5.57630545562287	0.227148162074286	0.820873891754962	-0.0402990478164016	0.966720184094247
del45_19q13.42	-1.82942472558437	8.24472871837335	-0.221890226843669	0.824951021630115	-0.0403289830303464	0.966720184094247
amp19_15q26.3 	1.50928387941947	6.95319299930834	0.217063423893109	0.828698082416004	-0.0403558479539567	0.966720184094247
del8_4q13.2  	2.71594850574213	12.8484117257701	0.211383987663996	0.833112126921149	-0.0403867035699705	0.966720184094247
amp8_6p22.1  	-1.45727382825619	7.05179385482015	-0.206652925235483	0.836793198757849	-0.0404117836045352	0.966720184094247
amp11_8q24.21 	0.947273758856087	5.00614767768865	0.189222096479073	0.850386325371968	-0.0404992976892036	0.966720184094247
amp6_5p15.33 	1.05887343570758	6.0119728166562	0.176127449008746	0.860628064515386	-0.0405599805514938	0.966720184094247
amp18_15q25.1 	-1.24860139632364	7.10940038136156	-0.175626822143405	0.861020106497078	-0.0405622143472739	0.966720184094247
del28_12p13.31	1.76467683164247	10.4359383597159	0.16909613403375	0.866137462235236	-0.0405907726198993	0.966720184094247
del2_1p21.1  	-1.30732493298697	8.78667632014272	-0.148784919957736	0.882088645965641	-0.0406726849760819	0.966720184094247
del5_2q37.3  	1.40347147941166	9.88638900325495	0.141959969302198	0.887459833766511	-0.0406978620460958	0.966720184094247
amp14_12p13.31	1.48506054612338	10.5439021168197	0.140845441248397	0.888337466464984	-0.0407018613506414	0.966720184094247
del34_15q11.2 	0.839995920130323	6.87577122692198	0.122167520181784	0.903065255581387	-0.0407641973787625	0.968504766855401
amp12_11q12.3 	0.596099546569594	9.89893681783574	0.0602185424090749	0.952128101157942	-0.0409075960339318	0.998684671473771
amp24_22q11.21	-0.3163666309479	6.43553339977402	-0.0491593487742615	0.96091184950837	-0.040922950634896	0.998684671473771
amp25_22q13.2 	0.0225406475232319	6.39889555860763	0.00352258406420007	0.99719794611528	-0.0409534704019936	0.998684671473771
del26_11q12.3 	-0.0237020364912838	9.87599890526141	-0.00239996345875014	0.998090937120857	-0.0409535548052102	0.998684671473771
del29_12q13.13	0.0226168291829116	13.677707259689	0.00165355411937847	0.998684671473771	-0.0409535932136451	0.998684671473771
