estimate	std_error	t_value	p_values	r_sq	FDR
amp26_xp22.2  	3.51678456622284	1.33603462897745	2.63225554932992	0.0101328552462973	0.0442208245655363	0.749831288225998
del17_9q21.11 	2.76203450958445	1.85594191810571	1.48821171753239	0.140530828505475	-0.00927974531728681	0.987448540260455
del36_16p12.2 	3.46692271285531	2.53371257181525	1.36831728721758	0.174950355129959	-0.013401011752407	0.987448540260455
del18_9q34.3  	2.89937582279762	2.15808361395568	1.34349559213008	0.182817741020095	-0.014214970997029	0.987448540260455
amp11_8q24.21 	1.24695487460857	0.940138455780496	1.3263523760161	0.188405371698649	-0.0147691834408681	0.987448540260455
del13_6q27    	2.11953769867183	1.96336967822984	1.07954081300817	0.283511837251618	-0.0220146505735082	0.987448540260455
del1_1p36.13 	2.46797732053341	2.30648617490114	1.07001609087866	0.287751623958499	-0.022266315438203	0.987448540260455
amp16_12q15   	-0.926053456689638	0.913267493057461	-1.01400023950198	0.313565296347811	-0.0237036256301257	0.987448540260455
amp17_14q11.2 	-1.39604271331231	1.43744245639689	-0.971199025811197	0.334305297867497	-0.0247523310210427	0.987448540260455
del32_14q11.2 	-1.39604271331231	1.43744245639689	-0.971199025811197	0.334305297867497	-0.0247523310210427	0.987448540260455
del16_9p21.3  	-1.39224709881674	1.48087286695564	-0.940153020481027	0.349900376365703	-0.0254859916517085	0.987448540260455
del38_16q24.3 	1.9659908858812	2.19933854354182	0.893900982936061	0.373991026157179	-0.0265366156579838	0.987448540260455
del41_17q11.2 	2.08674182924666	2.40196614872651	0.868764045801819	0.387511882344618	-0.0270862370857745	0.987448540260455
del6_3q28    	1.99381977791073	2.36381579775565	0.843475104872295	0.401416611092344	-0.027623932507971	0.987448540260455
del25_11q11   	-1.50969704202898	1.80653566203275	-0.835686266126754	0.40575989024843	-0.0277864508562367	0.987448540260455
del14_7q34    	0.922136900672932	1.11976196257554	0.823511542178073	0.412605859104053	-0.0280375639243249	0.987448540260455
del19_10p11.21	-1.11660961173872	1.38909171197743	-0.80384153336368	0.423812690552533	-0.0284357376889928	0.987448540260455
amp15_12q14.1 	-0.800088692887738	1.00049586920876	-0.799692150173977	0.426199728512728	-0.0285185416418705	0.987448540260455
del23_10q26.3 	1.87984773213169	2.46134188507067	0.763749133565699	0.447208743769391	-0.029218409299647	0.987448540260455
amp13_11q13.3 	-1.00433776473636	1.33706681603669	-0.751150019348621	0.454712708625653	-0.0294563339094167	0.987448540260455
amp22_19q13.43	-1.39651310305593	1.86059846373139	-0.750571996203446	0.455058700883786	-0.0294671571012628	0.987448540260455
del37_16q12.1 	1.68417896943135	2.26092161642843	0.744908163641622	0.458456927297043	-0.0295727806522823	0.987448540260455
del7_4q13.2  	1.53305628916998	2.18558782339568	0.701438886490555	0.48501515022553	-0.0303574741699062	0.987448540260455
del3_1q21.3  	-0.869277480790083	1.25252521518412	-0.69401994486977	0.489631212726284	-0.0304868012569728	0.987448540260455
amp3_1q21.2  	-0.75318270649189	1.13690066662811	-0.66248769888202	0.509516501175317	-0.0310214732670062	0.987448540260455
del43_19p13.2 	-0.999664440309832	1.60133401651421	-0.624269783818062	0.534183446124454	-0.0316368745751296	0.987448540260455
del8_4q13.2  	1.51593929100853	2.43301531226351	0.623070181008523	0.534967530982759	-0.0316556108853021	0.987448540260455
amp1_1p36.22 	1.34848592467194	2.17371400770667	0.620360323341078	0.536740922221925	-0.0316978053424106	0.987448540260455
del22_10q23.31	-1.35508762054064	2.21701746469416	-0.611220994926881	0.542744021199131	-0.0318387802709836	0.987448540260455
del29_12q13.13	-1.55555616234746	2.58977915741858	-0.600652050925453	0.549728381293068	-0.0319992451906368	0.987448540260455
amp10_7q34    	0.62675123015249	1.05622253986487	0.593389372501626	0.554553850205359	-0.0321079179894117	0.987448540260455
amp18_15q25.1 	-0.790709181417689	1.3464991665236	-0.587233324071894	0.558660506440742	-0.0321990145247484	0.987448540260455
amp25_22q13.2 	-0.689382116011387	1.21186018659249	-0.568862748061548	0.571004101645194	-0.0324653050782264	0.987448540260455
amp7_5q31.3  	-0.713410452135031	1.25660566379601	-0.567728184496581	0.571770755295457	-0.0324814780902682	0.987448540260455
del42_17q21.2 	1.08020792052969	1.94552013072395	0.555228344066395	0.580250039964619	-0.032657556523165	0.987448540260455
del44_19q12   	-1.18295119184105	2.27213058781041	-0.520635212688647	0.604023928875443	-0.0331247064680813	0.987448540260455
amp21_17q25.1 	-0.650191837594988	1.26143637206043	-0.515437680406316	0.607634072665146	-0.033192333695649	0.987448540260455
amp2_1p12    	-0.520562163593618	1.07022886375581	-0.486402657621084	0.6279791678139	-0.0335577911120093	0.987448540260455
amp23_20q13.33	0.88467845377805	1.90866649395904	0.463506042872378	0.64422964932284	-0.033831215785977	0.987448540260455
del35_15q14   	0.881170830160128	1.95814577147252	0.450002672424887	0.653895923687712	-0.0339863542473611	0.987448540260455
amp9_7p21.3  	0.565865311146328	1.27071601872991	0.445312172669321	0.657267571374767	-0.0340391801418183	0.987448540260455
amp5_3p13    	0.617452251289768	1.42608335267787	0.432970660607131	0.666172807781524	-0.0341755549595322	0.987448540260455
del33_14q32.33	-0.574481547028042	1.33412592157358	-0.430605190813212	0.667885191289936	-0.0342012599460755	0.987448540260455
del15_8p21.3  	-0.639995041004662	1.52677926809715	-0.419179808357168	0.67618079486663	-0.0343234515584336	0.987448540260455
del45_19q13.42	-0.641636421428363	1.56337743622081	-0.410416836371521	0.682570612148211	-0.034414961805866	0.987448540260455
amp6_5p15.33 	-0.445321683930635	1.1399823821053	-0.39063909313074	0.697077060143254	-0.0346144480991266	0.987448540260455
del26_11q12.3 	-0.726361576719633	1.87234380212959	-0.387942415219617	0.699063915902528	-0.0346408905370865	0.987448540260455
amp12_11q12.3 	-0.6894461353268	1.87691177274713	-0.367330071310542	0.714319160674762	-0.0348369973961493	0.987448540260455
amp24_22q11.21	-0.434791567230522	1.22027508123701	-0.356306191870907	0.722526408963283	-0.0349375147410182	0.987448540260455
del39_17p12   	-0.458258346635341	1.35956694018545	-0.337061996059445	0.736931368004136	-0.0351056902145614	0.987448540260455
del11_5q31.3  	-0.56243039188235	1.76156174151377	-0.319279409076536	0.75032660104537	-0.0352528387772701	0.987448540260455
del27_11q24.3 	0.596040782295918	1.88000659758373	0.317041856694533	0.752017640841132	-0.0352707923214399	0.987448540260455
del9_4q35.1  	0.66927452539178	2.83293241171246	0.236247967874113	0.813829376959723	-0.0358347880358023	0.987448540260455
del31_13q34   	-0.39355874655718	1.69542244984966	-0.232130196572588	0.817015242274089	-0.0358591353023283	0.987448540260455
amp14_12p13.31	-0.457184750336243	2.00040688828989	-0.228545878847219	0.81979089223583	-0.035879980808877	0.987448540260455
del12_6p22.1  	-0.295183752717942	1.36786156351571	-0.215799435111879	0.829679980421494	-0.0359514894707356	0.987448540260455
del34_15q11.2 	0.280953230104489	1.30449032628667	0.215373946776779	0.830010571408051	-0.0359538059027797	0.987448540260455
del2_1p21.1  	-0.355454894175515	1.66711521618488	-0.213215553864932	0.831688045339493	-0.0359654863068024	0.987448540260455
amp20_16p11.2 	0.359999714191418	1.98947453570311	0.180952159844654	0.856851629936521	-0.0361260876414149	0.987448540260455
del28_12p13.31	-0.342568358572508	1.98029872253969	-0.172988223783314	0.863086972680301	-0.0361616915909135	0.987448540260455
del24_11p15.5 	-0.268177980247578	1.79364189684202	-0.149515898753115	0.881513693521663	-0.0362573199443934	0.987448540260455
del10_5p15.2  	0.257883467421881	1.73921965191415	0.148275387262362	0.882489457101178	-0.0362619870766665	0.987448540260455
del46_22q13.33	-0.203146736459496	1.37260491161403	-0.148000881200853	0.882705403128744	-0.0362630145925036	0.987448540260455
del20_10q11.22	0.324193797853174	2.31986594069219	0.139746781124966	0.889202740462559	-0.0362930223996691	0.987448540260455
amp27_xq28    	0.260230520207563	2.02228821289204	0.128681222858641	0.897924986393178	-0.0363305527122457	0.987448540260455
amp4_1q44    	0.166473357263588	1.57846410289676	0.105465405870225	0.916264084261302	-0.0363992433303182	0.987448540260455
amp8_6p22.1  	-0.136184757196414	1.33840632303188	-0.101751429930424	0.919202380491491	-0.0364089690674625	0.987448540260455
del5_2q37.3  	0.180196050924858	1.8761577639173	0.0960452550368789	0.923718972373412	-0.0364232327788856	0.987448540260455
del40_17p11.2 	-0.18021073958069	2.03509323046436	-0.0885515891277227	0.929654194731933	-0.0364407151509314	0.987448540260455
del30_12q24.33	-0.18881260334772	2.61185374033243	-0.0722906495230044	0.942546642164675	-0.0364737710277694	0.987448540260455
del21_10q11.23	-0.142071635477744	2.4684409777483	-0.0575552086351042	0.954242950002533	-0.0364979544721018	0.987448540260455
del47_xp22.33 	0.100773332039346	2.04203160371943	0.0493495457444409	0.960760741875037	-0.0365090424509771	0.987448540260455
amp19_15q26.3 	0.0384324176057434	1.31980418308955	0.0291197876913652	0.976839810542895	-0.03652910773927	0.989473611161366
del4_2p11.1  	0.0380602108240997	2.87604035999075	0.0132335454514352	0.989473611161366	-0.036537612762368	0.989473611161366
