estimate	std_error	t_value	p_values	r_sq	FDR
del27_11q24.3 	-14.3274110017121	4.78888378086107	-2.9918059525629	0.00311179876018333	0.0411838881685327	0.230273108253566
amp24_22q11.21	7.8102282319449	3.14715301468288	2.48168048884394	0.013876446672159	0.0285651639507155	0.422428691652464
amp21_17q25.1 	8.30100142384103	3.45372901938507	2.4034894970767	0.0171254874994242	0.0268130119779342	0.422428691652464
del17_9q21.11 	10.5921247609786	4.69383232343329	2.25660484463813	0.025082603431953	0.0236573163968047	0.464028163491131
del6_3q28    	11.2149122636006	5.50517216449388	2.03715922563371	0.0429130467334713	0.0192796976272157	0.618865171361804
del42_17q21.2 	9.01585597811586	4.76062426104993	1.89383901852558	0.0596476971354071	0.0166434155561208	0.618865171361804
amp27_xq28    	7.52043773268766	4.00799208535837	1.876360425002	0.0620198623299582	0.016334133415585	0.618865171361804
del46_22q13.33	6.98884177705242	3.84478144910167	1.81774747656603	0.0705554567863389	0.0153165435074848	0.618865171361804
del19_10p11.21	7.3497754600315	4.19742486249237	1.75102013753912	0.081430888990864	0.014194950848272	0.618865171361804
del40_17p11.2 	-6.42481008925983	3.69576902092164	-1.73842305969047	0.0836304285624059	0.0139876387022844	0.618865171361804
del16_9p21.3  	6.15904486248427	3.71397737863554	1.65834205073888	0.0987703174493415	0.0127027937488218	0.664454862841025
del7_4q13.2  	-7.16185384091427	4.72769759400225	-1.51487139321265	0.131337830375152	0.0105448914354486	0.728275572361249
amp6_5p15.33 	4.33928580285452	2.91965212781205	1.48623384324431	0.138746126122406	0.010136464939248	0.728275572361249
del22_10q23.31	7.67694467500377	5.3336943331201	1.43932970199155	0.151574916837047	0.00948366050193017	0.728275572361249
del14_7q34    	-4.12179765534344	2.97693206062293	-1.38457901336215	0.167679099843899	0.0087470943453728	0.728275572361249
del9_4q35.1  	-7.60398188434923	5.70082748596791	-1.33383827226236	0.183729682097826	0.00808904950162948	0.728275572361249
del1_1p36.13 	-6.27059163191749	4.7759372972542	-1.31295518379661	0.190658766200947	0.00782511200134506	0.728275572361249
del18_9q34.3  	6.53825371305244	5.03591730068714	1.2983242818861	0.195627556874218	0.00764259379108001	0.728275572361249
amp4_1q44    	3.84517970399763	3.13032238441838	1.22836539876453	0.220711366319968	0.00679726395109537	0.728275572361249
amp8_6p22.1  	-2.46821946005516	2.01548987813059	-1.22462508337897	0.22211507109894	0.00675334777608483	0.728275572361249
amp13_11q13.3 	-2.78847268926623	2.34713405149028	-1.18803299176531	0.236188331225486	0.00633057457311337	0.728275572361249
del32_14q11.2 	-4.22124152587593	3.66247337061201	-1.15256579330993	0.250424360983127	0.00593270843850813	0.728275572361249
del25_11q11   	-4.79138300120844	4.18349821719585	-1.14530537661375	0.253411507146542	0.00585271043597835	0.728275572361249
del8_4q13.2  	-6.04758252335897	5.29973228981202	-1.1411109453556	0.255148564704835	0.0058067191712502	0.728275572361249
amp17_14q11.2 	-4.12102987534736	3.6529725836134	-1.12813052411988	0.260576968950167	0.00566543345362791	0.728275572361249
del44_19q12   	-6.51505018405049	5.82111050360157	-1.11921087566016	0.264353501152064	0.0055692613155538	0.728275572361249
del36_16p12.2 	7.05361381547906	6.39992481763555	1.10214010577784	0.271686758893863	0.00538728107111885	0.728275572361249
del3_1q21.3  	3.20650637896868	2.9330215293414	1.09324338293851	0.275563730082635	0.00529352167253838	0.728275572361249
del10_5p15.2  	4.15953688532025	4.17120447010652	0.997202825977511	0.319835974509027	0.00432873790321098	0.772532797097082
del30_12q24.33	-6.05569703463038	6.12214580299728	-0.989146163697316	0.323752031243127	0.00425175369653541	0.772532797097082
amp10_7q34    	-2.80610818006533	2.83971294505768	-0.988166140154822	0.324230523554105	0.00424243102577437	0.772532797097082
del26_11q12.3 	-3.30265348414107	3.41104527471194	-0.96822329173569	0.334068236582522	0.00405469094246369	0.772532797097082
amp12_11q12.3 	-3.1729377890578	3.39799334912892	-0.933768098713668	0.35151673354557	0.00373919253373145	0.788249644920369
del39_17p12   	-3.54682748386651	3.89631502643182	-0.910303058096059	0.363726598136505	0.00353076200495472	0.791640243002982
amp25_22q13.2 	2.17870929811494	2.49842657741209	0.872032549530308	0.38420584706984	0.00320202381177226	0.812320933804805
del21_10q11.23	4.46566543151671	5.47851738975412	0.815122981971064	0.415943310549611	0.00273891629710321	0.838036363390282
amp18_15q25.1 	-2.44644725293481	3.07877459171704	-0.794617202414426	0.427750707410401	0.00257960572808968	0.838036363390282
amp19_15q26.3 	-2.26836335183729	2.91518805550799	-0.778119047089059	0.437391626462305	0.00245434131298439	0.838036363390282
del23_10q26.3 	4.35654156468532	5.72688594947903	0.760717360729286	0.447695754466478	0.00232503162860209	0.838036363390282
del5_2q37.3  	3.79079992871845	5.1004824981778	0.743223789136175	0.458192968920362	0.00219795426442992	0.838036363390282
del35_15q14   	3.63785119829332	4.99592507118405	0.72816368269333	0.467340283488161	0.00209089706635668	0.838036363390282
amp2_1p12    	2.4236461397819	3.39143545022211	0.714637260639348	0.475642260302593	0.00199659140527308	0.838036363390282
amp11_8q24.21 	-1.57359825647987	2.32092228815813	-0.678005577570918	0.4985289995413	0.00174999123417852	0.849016057148973
del38_16q24.3 	3.65542535019795	5.4714098207275	0.668095695619435	0.504820358304795	0.00168548847001793	0.849016057148973
amp1_1p36.22 	-2.66579692365324	4.12644074504461	-0.646028160432103	0.518980131137014	0.00154523574504217	0.853433993425312
del20_10q11.22	3.12886829396912	5.26060983021185	0.594772924614164	0.552647990153261	0.00123751525283233	0.871880898464587
del45_19q13.42	-2.40245440596024	4.22135965437712	-0.569118625907447	0.569895631672903	0.00109297615033888	0.871880898464587
del34_15q11.2 	2.07055823771864	3.66183691460276	0.565442504951988	0.572388151655446	0.00107278309620196	0.871880898464587
amp26_xp22.2  	1.89836200077217	3.40097569951856	0.558181583314726	0.5773265408752	0.00103328073462794	0.871880898464587
del37_16q12.1 	2.93530451961442	5.8398522387627	0.502633354339172	0.615758984970753	0.000747875886135341	0.908586646583346
del47_xp22.33 	2.70686955401174	5.66871995876332	0.477509838852978	0.63350536641014	0.000628560251742627	0.908586646583346
amp16_12q15   	-1.08915349709051	2.36925155192142	-0.459703612394905	0.646213758726194	0.000547683291195922	0.908586646583346
amp9_7p21.3  	-1.19186567209433	2.63991360648319	-0.451479044301792	0.652119267399759	0.000511360108935377	0.908586646583346
amp5_3p13    	1.23455303863258	2.8998807868838	0.425725445065357	0.670752363027279	0.000401846651712057	0.908586646583346
del33_14q32.33	-1.51243383072439	3.76141246275982	-0.402091992223233	0.688033208439833	0.000306987496719646	0.908586646583346
amp3_1q21.2  	-0.970747070620348	2.4886674655133	-0.390067007373413	0.696890015004044	0.000260794548486265	0.908586646583346
del29_12q13.13	1.91622869395269	5.38294494895186	0.355981477077118	0.722218726460913	0.000137458641291222	0.908586646583346
del24_11p15.5 	1.73886754239824	4.91050774479166	0.354111556843092	0.723617471027833	0.000131017732774241	0.908586646583346
del41_17q11.2 	-1.85275845219832	5.46149460954042	-0.339240186919131	0.734774376541827	8.09983982454909e-05	0.908586646583346
amp22_19q13.43	-1.32938542710492	3.9759294396808	-0.334358405317084	0.738449283779715	6.50454303230408e-05	0.908586646583346
amp15_12q14.1 	0.79920150319584	2.49418290722413	0.320426180806964	0.748970073534921	2.07858758697332e-05	0.908586646583346
del31_13q34   	-1.0423905484905	4.45839416905979	-0.233804035480856	0.815369300892208	-0.000212198961407228	0.937935676274367
del13_6q27    	-1.07298304767321	4.78155976965414	-0.224400216532443	0.822668316586751	-0.000233115130930273	0.937935676274367
del28_12p13.31	0.799033349118538	3.56470248839255	0.224151482969579	0.822861590519309	-0.000233656726362774	0.937935676274367
amp20_16p11.2 	-0.980892227729923	4.84288473669347	-0.20254296376247	0.839692172552681	-0.000278416693840544	0.937935676274367
amp23_20q13.33	0.841054708596129	4.38724159921984	0.191704671278119	0.848162375138431	-0.00029916134658925	0.937935676274367
amp7_5q31.3  	0.614307849286555	3.36035792989282	0.182810242867833	0.855126699773073	-0.000315333929825412	0.937935676274367
del11_5q31.3  	0.759666516152346	4.72261491622106	0.160857179683034	0.872363526014155	-0.00035196491947187	0.937935676274367
del12_6p22.1  	0.416901534216033	2.87750134122177	0.144883176332081	0.884944762543522	-0.000375679087650571	0.937935676274367
del4_2p11.1  	-0.734524119622215	5.54832390245231	-0.132386668935741	0.894807678161606	-0.000392503900703112	0.937935676274367
del43_19p13.2 	0.513263287960702	4.07582765362547	0.125928604342274	0.899911256965947	-0.000400604595076848	0.937935676274367
del2_1p21.1  	-0.342474485058758	4.63445279929745	-0.073897502011602	0.941163649570591	-0.000451095187417039	0.957458991848779
del15_8p21.3  	0.23805808602177	3.95494612695274	0.0601924977939441	0.952060675131645	-0.000460019947886359	0.957458991848779
amp14_12p13.31	0.189000569550976	3.53883993754716	0.0534074931012495	0.957458991848779	-0.000463763250636795	0.957458991848779
