estimate	std_error	t_value	p_values	r_sq	FDR
amp23_20q13.33	-0.00353141518500338	0.00200315068178859	-1.76293037618629	0.0816379621004681	0.0431360032105685	0.998611127066025
amp4_1q44    	-0.00283782881603994	0.00165622382095495	-1.71343316050345	0.0904112616816604	0.0411975062875424	0.998611127066025
del3_1q21.3  	-0.00188316894469556	0.00132516095932173	-1.42108694905971	0.159083302250606	0.0307402523536545	0.998611127066025
amp9_7p21.3  	-0.00167013241125368	0.00134594349600587	-1.24086368871342	0.218194491317531	0.0251740641842607	0.998611127066025
del24_11p15.5 	0.00228263891523954	0.0018988690627529	1.20210443153477	0.232783086112243	0.0240678996893786	0.998611127066025
del35_15q14   	0.00235136856353331	0.00207733932176548	1.13191356794563	0.260970044335598	0.0221480940295661	0.998611127066025
amp11_8q24.21 	-0.00112009216380575	0.00100703131329114	-1.1122714348823	0.269271749561964	0.0216302449589102	0.998611127066025
amp3_1q21.2  	-0.00129703627045306	0.00120878033607224	-1.073012384258	0.286413198123001	0.0206208030575648	0.998611127066025
del47_xp22.33 	-0.00219277205884293	0.00216704421054077	-1.01187232275973	0.314575598071767	0.0191171219786992	0.998611127066025
amp12_11q12.3 	0.00153556632383804	0.00199865016274625	0.768301703049469	0.444514996000283	0.0139674977806478	0.998611127066025
amp21_17q25.1 	0.00101795937786002	0.00134446156220328	0.757150227628527	0.451130039920849	0.0137643638035426	0.998611127066025
del26_11q12.3 	0.00136270944558973	0.0019954726086785	0.682900601924163	0.496594524735715	0.0124856422322622	0.998611127066025
del23_10q26.3 	0.0017754018382869	0.00263027683550394	0.674986683653298	0.501583057687086	0.0123569422437313	0.998611127066025
del22_10q23.31	0.001594142298838	0.0023661975458031	0.67371479683322	0.502387303665104	0.0123363950195919	0.998611127066025
del21_10q11.23	0.0017351840805511	0.00262890180433218	0.660041420220293	0.511077013266022	0.0121178976606031	0.998611127066025
del20_10q11.22	0.00162287815692072	0.00247097738877498	0.656775802276882	0.51316414832151	0.0120663625095846	0.998611127066025
del27_11q24.3 	0.00124640363197372	0.0020039961153322	0.621959105827463	0.535694279248782	0.0115324894012783	0.998611127066025
amp18_15q25.1 	0.000844733098756126	0.00143780064128647	0.587517542070575	0.558470575769607	0.0110324495909161	0.998611127066025
del43_19p13.2 	-0.000932754004175155	0.00171087891400979	-0.545189958527842	0.587102751923509	0.010456296275875	0.998611127066025
del40_17p11.2 	-0.00114362858357408	0.00216952142615385	-0.527134035086032	0.599523779730469	0.0102234347889499	0.998611127066025
amp25_22q13.2 	-0.000666034647121595	0.00129449790905468	-0.51451195282963	0.608278099172752	0.0100652463715825	0.998611127066025
del42_17q21.2 	0.00100163883509177	0.00207840345785278	0.481927044196979	0.631141579134544	0.00967437703471818	0.998611127066025
del44_19q12   	-0.00112097933912528	0.0024270526740639	-0.461868566390978	0.645398606711339	0.00944633666254224	0.998611127066025
del4_2p11.1  	0.00133204612125133	0.00306753929776673	0.434239301260492	0.665255156914286	0.0091479384334221	0.998611127066025
amp17_14q11.2 	0.000634659307665294	0.0015421244160062	0.411548705848868	0.681743954675434	0.00891651557012696	0.998611127066025
del32_14q11.2 	0.000634659307665294	0.0015421244160062	0.411548705848868	0.681743954675434	0.00891651557012696	0.998611127066025
amp16_12q15   	0.000401433644645744	0.000980288063020312	0.409505797111217	0.683236268805869	0.00889628397673514	0.998611127066025
amp26_xp22.2  	-0.000594774070008321	0.00148422779710689	-0.400729639458092	0.689661406312006	0.00881050690119323	0.998611127066025
amp24_22q11.21	-0.000484206533644449	0.00130293190485692	-0.37162842650447	0.711128081073984	0.00853927437192459	0.998611127066025
del5_2q37.3  	-0.000728684176229702	0.0020018736346141	-0.364001085598078	0.716794088786139	0.00847154254472515	0.998611127066025
del31_13q34   	0.00061201733922665	0.00180972001388985	0.338183439719587	0.736089281734247	0.00825263843139634	0.998611127066025
del7_4q13.2  	0.000768597211608163	0.00233924153216686	0.32856684572294	0.743320717178604	0.00817519219755514	0.998611127066025
del11_5q31.3  	0.000615040699003587	0.00188095396341908	0.326983387666545	0.744513671879817	0.00816265305742458	0.998611127066025
del6_3q28    	0.000760374960535355	0.00253363825490463	0.300111888136918	0.764851307230397	0.00795905422748577	0.998611127066025
del29_12q13.13	0.000824876150156847	0.00276996825348665	0.297792636835656	0.766614625835734	0.00794229608138941	0.998611127066025
del8_4q13.2  	0.000770950568108271	0.00260274554694196	0.296206661082979	0.767821147329217	0.00793091086947872	0.998611127066025
del34_15q11.2 	0.000412134615452025	0.00139259655608428	0.295946886879334	0.768018823698361	0.007929051803517	0.998611127066025
del37_16q12.1 	-0.000688765496294307	0.00242119208539081	-0.284473710471068	0.776764540061809	0.00784856457459371	0.998611127066025
del33_14q32.33	0.000315723197290323	0.0014257748127675	0.221439735407788	0.825300569025127	0.00746294825785632	0.998611127066025
del30_12q24.33	0.000576499530644816	0.00278832237972267	0.206754977414827	0.836713756850531	0.00738687804600158	0.998611127066025
del19_10p11.21	0.00030695237696208	0.00148873107451941	0.206183898634057	0.83715833148801	0.00738402490747014	0.998611127066025
del39_17p12   	-0.000263640690209287	0.00145247103111594	-0.181511840554046	0.85641376656539	0.00726828334098217	0.998611127066025
amp19_15q26.3 	0.000253991950199106	0.0014090265592219	0.18026058383127	0.857392742893955	0.00726280526733392	0.998611127066025
amp7_5q31.3  	-0.000242203618963654	0.00134418293900987	-0.180186499868881	0.857450712796798	0.00726248210983438	0.998611127066025
del45_19q13.42	0.000295750310244727	0.0016707826018096	0.177013041627561	0.859934640736249	0.00724876387150164	0.998611127066025
del14_7q34    	0.000206993959919265	0.00120040820136677	0.172436309318433	0.86351941938977	0.00722940817153739	0.998611127066025
del46_22q13.33	-0.000252239875058633	0.0014656105625375	-0.172105661289664	0.863778515092579	0.00722802941916245	0.998611127066025
del9_4q35.1  	0.000515566656017792	0.00302552359988391	0.170405762505893	0.865110790211548	0.00722098281278949	0.998611127066025
del17_9q21.11 	-0.000327978501736002	0.00200804957039921	-0.163331875154257	0.870659015245881	0.00719240948673816	0.998611127066025
amp13_11q13.3 	-0.000222154734439738	0.00143242509406346	-0.155089948759231	0.877131529400489	0.00716064400676597	0.998611127066025
del10_5p15.2  	0.000238255672927134	0.00185721650455569	0.128286428826526	0.898236415044165	0.00706869787712716	0.998611127066025
amp8_6p22.1  	0.000179985966983164	0.00142911395583657	0.125942347877923	0.900085842979331	0.00706148317069988	0.998611127066025
amp10_7q34    	0.0001355074148985	0.00113016348328335	0.11990071958866	0.904855076992146	0.0070435009079276	0.998611127066025
del15_8p21.3  	0.000190640025998117	0.00163191822982177	0.11681959458161	0.907288660731848	0.00703467033368088	0.998611127066025
amp1_1p36.22 	-0.000262520459045582	0.00232637055803011	-0.112845504401447	0.910428846612158	0.0070236197424306	0.998611127066025
del16_9p21.3  	-0.00016499596814048	0.00158968415444562	-0.103791666840901	0.917588114032108	0.0069998713788727	0.998611127066025
amp27_xq28    	0.000187118441005549	0.00215953615797228	0.0866475147057716	0.931162930957564	0.00696033762909709	0.998611127066025
amp14_12p13.31	0.000181114224163373	0.00213663853029136	0.0847659637302692	0.932654067741602	0.00695643213805797	0.998611127066025
del28_12p13.31	0.000167844894519247	0.00211488483868222	0.0793636095210889	0.936936774817397	0.00694569493939756	0.998611127066025
del13_6q27    	0.000154465362346473	0.00211127986521923	0.0731619549312726	0.941855410004089	0.00693424031079182	0.998611127066025
amp22_19q13.43	-0.000139313981285973	0.00199351697906993	-0.0698835188005117	0.944456517068925	0.0069285612157276	0.998611127066025
del18_9q34.3  	0.000161679593538611	0.0023295764369244	0.0694030000372375	0.944837811406475	0.00692775070164731	0.998611127066025
del12_6p22.1  	9.54810664309198e-05	0.00146099115843241	0.0653536237230672	0.948051516769497	0.00692114250994891	0.998611127066025
del41_17q11.2 	-0.000126519506736072	0.00257657924370796	-0.0491036738128797	0.960956082406249	0.00689861814125015	0.998611127066025
del2_1p21.1  	7.03828577522575e-05	0.0017806366003748	0.0395267949324656	0.968566468784875	0.00688833848717585	0.998611127066025
amp2_1p12    	4.35210434991314e-05	0.00114443704867449	0.0380283420128161	0.969757514918715	0.00688693104603622	0.998611127066025
del38_16q24.3 	-8.89745762828673e-05	0.00235986717685503	-0.0377032136196084	0.97001595256553	0.00688663284503888	0.998611127066025
del25_11q11   	-7.15152701165477e-05	0.00193721555439833	-0.0369165268956139	0.970641286327778	0.0068859219044447	0.998611127066025
amp6_5p15.33 	2.01942200004942e-05	0.00121841322388262	0.0165741963437846	0.986816571162364	0.0068727434946525	0.998611127066025
amp15_12q14.1 	8.57986091179723e-06	0.0010724956243218	0.00799990295272554	0.993636499896697	0.00687019157698476	0.998611127066025
del36_16p12.2 	2.03337351559839e-05	0.00273623248468803	0.00743128928911251	0.994088793272049	0.00687008530748268	0.998611127066025
amp20_16p11.2 	1.51653696064559e-05	0.00212480170827173	0.00713731052992756	0.994322634086045	0.00687003343635273	0.998611127066025
del1_1p36.13 	1.08846146146752e-05	0.00248002032843551	0.00438892153014796	0.996508818475475	0.00686964976648474	0.998611127066025
amp5_3p13    	2.66183383723046e-06	0.00152452387244177	0.00174600994142985	0.998611127066025	0.00686945339214551	0.998611127066025
