estimate	std_error	t_value	p_values	r_sq	FDR
del36_16p12.2 	72.4923433767438	24.4992937302689	2.95895645706633	0.00403348964081471	0.0623355505746359	0.298478233420289
amp21_17q25.1 	-21.6891998262024	12.4806525096913	-1.73782579150895	0.0859956242259643	-0.00091855466796309	0.987950274299835
del30_12q24.33	44.452760992899	25.8088549055752	1.72238408699397	0.0887698235050944	-0.00154798569053605	0.987950274299835
del41_17q11.2 	40.669437759466	23.8513939813664	1.70511785563723	0.0919583411530959	-0.00224605950501244	0.987950274299835
del3_1q21.3  	-19.5596426279455	12.4491858067255	-1.57115838189022	0.119996737120194	-0.00745360798053341	0.987950274299835
del27_11q24.3 	28.4837298449394	18.657909215876	1.52663031615046	0.130701103423366	-0.00910148761599738	0.987950274299835
amp3_1q21.2  	-16.0206353937428	11.328499331259	-1.41418866923853	0.161092218049462	-0.0130738733708498	0.987950274299835
del6_3q28    	33.1578382070816	23.5963978715208	1.40520762480874	0.163736848231782	-0.0133793486688059	0.987950274299835
amp18_15q25.1 	18.2609386089553	13.4212456950191	1.36059938279294	0.177368538707753	-0.0148704240149633	0.987950274299835
del37_16q12.1 	25.9281805200562	22.6374090413072	1.1453687333539	0.255388300045392	-0.0214406963793901	0.987950274299835
amp20_16p11.2 	-22.6166160380442	19.8582196023568	-1.13890451867901	0.258059281798946	-0.0216217666215281	0.987950274299835
del45_19q13.42	-17.7210716453327	15.6188923531586	-1.13459208531832	0.259852091883356	-0.021742028522675	0.987950274299835
amp24_22q11.21	-13.8140113827652	12.1882567132319	-1.1333869730335	0.26035465995148	-0.021775559273997	0.987950274299835
del38_16q24.3 	23.7884410143639	22.073288172814	1.07770264349026	0.284326697772164	-0.0232883290318804	0.987950274299835
del23_10q26.3 	26.0418552799186	24.6777337151439	1.0552774246015	0.294397791986948	-0.0238772396169922	0.987950274299835
del18_9q34.3  	21.7973612165433	21.8117667959925	0.99933955008854	0.320570140562903	-0.0252950349355887	0.987950274299835
del1_1p36.13 	22.047038973643	23.233438495938	0.948935689286697	0.345441679373893	-0.0265095584547379	0.987950274299835
del16_9p21.3  	14.0296340098495	14.8947191574473	0.941920009470922	0.349000353347148	-0.0266738456086635	0.987950274299835
del11_5q31.3  	-16.3830394258404	17.6367194202977	-0.928916485850852	0.355658802390864	-0.0269752637090674	0.987950274299835
amp7_5q31.3  	-11.6082049622409	12.5990468952078	-0.921355802450122	0.359567518530003	-0.0271486720374554	0.987950274299835
del15_8p21.3  	-13.8028806588933	15.2974480443182	-0.90229956126702	0.369540571662776	-0.0275797033275718	0.987950274299835
amp6_5p15.33 	-10.1580261811097	11.4219609639932	-0.889341700005106	0.37642109886018	-0.0278678523461926	0.987950274299835
del13_6q27    	17.5226410817576	19.793576653148	0.885269064243162	0.378600161521467	-0.0279575892591211	0.987950274299835
amp11_8q24.21 	8.05741812429263	9.51555125790666	0.846763146548926	0.399591667836206	-0.0287864161321771	0.987950274299835
amp25_22q13.2 	-9.99805783770757	12.1632352857975	-0.821990005355062	0.413466309031629	-0.0293008394994678	0.987950274299835
del46_22q13.33	10.6562345169607	13.7576361145093	0.774568714295494	0.440822282118139	-0.0302442936013396	0.987950274299835
del43_19p13.2 	-12.3840246512295	16.0868509881607	-0.769822798777939	0.443617071771327	-0.0303357209965007	0.987950274299835
amp16_12q15   	-6.8095455608183	9.21266197306623	-0.739150701580761	0.461926135210469	-0.0309134258282135	0.987950274299835
del7_4q13.2  	14.2711249414981	21.9926893594871	0.648903129045558	0.518214290110875	-0.0324802698238025	0.987950274299835
del10_5p15.2  	-10.9943434605461	17.4537068076744	-0.629914526564175	0.530501875907502	-0.0327845495961319	0.987950274299835
amp1_1p36.22 	13.6559566598244	21.8630983233838	0.624612141327587	0.533959782703438	-0.0328679341606493	0.987950274299835
amp17_14q11.2 	-9.04399627936404	14.506760657001	-0.623433204228086	0.534730189249216	-0.0328863799951467	0.987950274299835
del32_14q11.2 	-9.04399627936404	14.506760657001	-0.623433204228086	0.534730189249216	-0.0328863799951467	0.987950274299835
amp23_20q13.33	11.7287848046439	19.1793287471682	0.611532601545068	0.542538785025111	-0.0330706634862699	0.987950274299835
amp10_7q34    	-5.99182815118098	10.6259737382826	-0.563885089381882	0.574371329867827	-0.0337735219006323	0.987950274299835
del40_17p11.2 	11.4560137615387	20.4313642543765	0.560707235156105	0.576526042067778	-0.033818404573573	0.987950274299835
amp27_xq28    	-11.0587458188944	20.3060827899813	-0.54460261652979	0.587504880618863	-0.0340420174942633	0.987950274299835
amp15_12q14.1 	-5.42345849073196	10.0846525178941	-0.537793293433626	0.592176388231413	-0.0341346333440824	0.987950274299835
del33_14q32.33	6.83545292916276	13.4129370247222	0.509616418578862	0.611689048459642	-0.034505655064023	0.987950274299835
del20_10q11.22	11.8466157610265	23.2999160916747	0.508440275682342	0.612509805729457	-0.0345207136459598	0.987950274299835
amp8_6p22.1  	6.44828004503801	13.4440553784504	0.479638015726567	0.632761644419551	-0.0348787495219225	0.987950274299835
del8_4q13.2  	11.7015671153657	24.4957233150252	0.477698370645302	0.634135839029993	-0.0349021193513965	0.987950274299835
del47_xp22.33 	9.32590167779445	20.5137730007658	0.454616597222086	0.650586322887289	-0.0351730287157193	0.987950274299835
del35_15q14   	-8.90019425993931	19.6953530814249	-0.451893105096617	0.652539059906531	-0.0352041184838034	0.987950274299835
del14_7q34    	-4.55342892912429	11.2981611331504	-0.403023897027268	0.687979526365856	-0.035730513756606	0.987950274299835
del21_10q11.23	9.32972594370704	24.8073595561254	0.376087020571415	0.707823479622896	-0.0359951388205835	0.987950274299835
amp26_xp22.2  	5.02799206693983	13.9834095874169	0.359568389633979	0.720094271420026	-0.0361484268127346	0.987950274299835
del12_6p22.1  	4.79592036039564	13.7520314605381	0.348742683883301	0.728176355325764	-0.0362451754165005	0.987950274299835
del5_2q37.3  	5.8596096543979	18.8608643383089	0.310675563393788	0.756835604841024	-0.0365620218073401	0.987950274299835
amp4_1q44    	-4.8688130152578	15.8685874068287	-0.306820820935997	0.75975754437617	-0.0365920765439813	0.987950274299835
amp19_15q26.3 	-4.01349011386313	13.267613487409	-0.302502791302441	0.763034810635612	-0.036625299883017	0.987950274299835
del39_17p12   	3.96063137451439	13.6773687667007	0.289575534744449	0.772871913482646	-0.0367219605074129	0.987950274299835
del29_12q13.13	6.66110914493031	26.095571851376	0.25525821709782	0.799162823432355	-0.0369581610185872	0.987950274299835
amp2_1p12    	-2.63454983392512	10.7762413545649	-0.244477619537456	0.807471644230479	-0.0370262401914614	0.987950274299835
amp12_11q12.3 	3.8878142117869	18.8891311922733	0.205822818011727	0.8374394536459	-0.0372462577806274	0.987950274299835
del19_10p11.21	-2.84796234125306	14.0232732959361	-0.203088271985571	0.839569139624969	-0.0372603949923396	0.987950274299835
del2_1p21.1  	3.30789503998812	16.7689628519067	0.197262947577703	0.8441099193665	-0.0372898818960687	0.987950274299835
del24_11p15.5 	3.44985179845076	18.0393696658935	0.191240152086538	0.848810177686026	-0.0373194678269053	0.987950274299835
del42_17q21.2 	3.60102019046043	19.6012812203583	0.183713510865827	0.854691738940069	-0.0373551539012138	0.987950274299835
del34_15q11.2 	-2.07766350477334	13.1226198603094	-0.158326883418869	0.874588490821463	-0.0374649693096485	0.987950274299835
del22_10q23.31	-3.49758094389095	22.3467609249026	-0.156514000200958	0.876012588657219	-0.0374721885386577	0.987950274299835
del25_11q11   	-2.84943974043406	18.2451217997795	-0.156175429887703	0.876278595674807	-0.0374735275847498	0.987950274299835
del26_11q12.3 	2.87448178323421	18.8471393227734	0.15251554806309	0.879154984067317	-0.0374878175440414	0.987950274299835
del31_13q34   	-2.45412256575346	17.0564645725909	-0.143882253869723	0.88594646572	-0.037520185184577	0.987950274299835
del4_2p11.1  	3.93259324778325	28.9247590876862	0.135959412345025	0.892186590350602	-0.0375482316514424	0.987950274299835
del17_9q21.11 	-2.28152109167242	18.9163061823318	-0.120611342916589	0.904293929297147	-0.0375980487364069	0.987950274299835
del44_19q12   	-2.35859298093949	22.889960986026	-0.103040498075963	0.918182410300211	-0.0376477679426268	0.987950274299835
del28_12p13.31	1.56421604556036	19.9212629328791	0.0785199237031655	0.93760577631857	-0.0377040999559621	0.987950274299835
del9_4q35.1  	-2.22621991408263	28.5030323245677	-0.0781046693114043	0.937935069200297	-0.0377049229592348	0.987950274299835
amp5_3p13    	-0.755849281622378	14.3600744644943	-0.0526354709017169	0.958150372382799	-0.0377470605377443	0.987950274299835
amp13_11q13.3 	0.413960670112688	13.4946897951933	0.030675819629447	0.975602615933939	-0.0377702132554583	0.987950274299835
amp9_7p21.3  	0.350313020464456	12.7965905791903	0.0273754964884265	0.978226756631932	-0.0377726379214134	0.987950274299835
amp22_19q13.43	-0.441060904258639	18.7785131010464	-0.0234875307690928	0.981318447202526	-0.0377751406287898	0.987950274299835
amp14_12p13.31	0.304899852264832	20.1270101638101	0.0151487900976502	0.987950274299835	-0.0377792180391994	0.987950274299835
