estimate	std_error	t_value	p_values	r_sq	FDR
del21_10q11.23	-0.409275615234156	0.121195465602045	-3.37698785347336	0.00193857943190025	0.334187881505241	0.143454877960619
del22_10q23.31	-0.282991962897429	0.0975385008021188	-2.90133599112363	0.00667097113463409	0.284993843596543	0.210732439987485
del20_10q11.22	-0.305943181790516	0.112143610081781	-2.7281374441879	0.010256824184475	0.267319032142027	0.210732439987485
del7_4q13.2  	-0.198476917399534	0.0758166556944699	-2.61785376289041	0.0134037814243921	0.256200996108185	0.210732439987485
del23_10q26.3 	-0.320076191171037	0.125847115592737	-2.54337328005878	0.0160114684833536	0.248768357927686	0.210732439987485
amp16_12q15   	0.0742860458381603	0.0295267637611545	2.51588851521517	0.0170864140530393	0.246043036775384	0.210732439987485
del27_11q24.3 	-0.226480827134301	0.103422626702304	-2.18985761970843	0.0359390483611152	0.214606161109589	0.379927082674646
del19_10p11.21	-0.243255025766957	0.124127585639091	-1.95971769300529	0.0587872760574226	0.19367905716106	0.478326329132943
del31_13q34   	0.138469006769456	0.0715800518809415	1.93446362681841	0.0619392438328548	0.191460478884595	0.478326329132943
del13_6q27    	-0.23473219033932	0.124833737105067	-1.88035859362087	0.0691881534131238	0.186764266196459	0.478326329132943
del30_12q24.33	-0.26793811363082	0.151115704793579	-1.77306596952857	0.0857372910388825	0.177693620486161	0.478326329132943
del8_4q13.2  	-0.219527653095699	0.126327730038429	-1.73776298385888	0.0918691521210392	0.174783299738437	0.478326329132943
amp20_16p11.2 	0.28811911867981	0.168201672250409	1.71293849118738	0.096398598358014	0.172759789080946	0.478326329132943
del36_16p12.2 	0.28811911867981	0.168201672250409	1.71293849118738	0.096398598358014	0.172759789080946	0.478326329132943
del29_12q13.13	-0.220337939140298	0.135696030799417	-1.62376112139932	0.114238235661753	0.165653086339381	0.478326329132943
amp13_11q13.3 	-0.213099853990687	0.131491286724769	-1.62063859361827	0.114909271517816	0.165408979967099	0.478326329132943
amp9_7p21.3  	0.0886489713498651	0.0555938949230656	1.59458105017724	0.120636555950071	0.163384741444627	0.478326329132943
del40_17p11.2 	-0.151054334566714	0.0947498303812382	-1.5942438520357	0.120712177008051	0.163358697965158	0.478326329132943
del3_1q21.3  	0.109279817750983	0.0721019606466087	1.51562893395637	0.139430059675903	0.157394815204583	0.478326329132943
del46_22q13.33	0.127034087546623	0.0846213501416746	1.50120610618881	0.143106112811646	0.156324480430135	0.478326329132943
amp8_6p22.1  	0.101622892664766	0.0678729911044686	1.49725083587889	0.144127718979572	0.156032271587709	0.478326329132943
del12_6p22.1  	0.101622892664766	0.0678729911044686	1.49725083587889	0.144127718979572	0.156032271587709	0.478326329132943
del39_17p12   	-0.190922048793422	0.129006942840443	-1.47993623125816	0.148668994189969	0.154759815631622	0.478326329132943
del9_4q35.1  	-0.164419961767948	0.113893061863008	-1.44363457333085	0.158561274972103	0.152127920222686	0.488897264497318
del5_2q37.3  	0.131302176009124	0.0942925734128344	1.39249753460703	0.173372996984626	0.148504717015647	0.513184071074492
del17_9q21.11 	-0.1280784465103	0.0968456772048138	-1.32250039657871	0.195376226014663	0.143709911128234	0.541122864292765
del45_19q13.42	0.194729587233374	0.150783615933554	1.29145057324521	0.205798466928534	0.141645661693819	0.541122864292765
amp22_19q13.43	0.188216391339367	0.149427518949729	1.2595831923214	0.216929596526909	0.139568052818007	0.541122864292765
del16_9p21.3  	-0.103857969652596	0.082716087476009	-1.25559577129079	0.218353748794038	0.139311047670145	0.541122864292765
del43_19p13.2 	0.177074018511191	0.142589921958667	1.24184105074775	0.223320403458955	0.138429590195297	0.541122864292765
del38_16q24.3 	0.192234663193864	0.158137431322767	1.21561771672833	0.233022982046811	0.136771115057778	0.541122864292765
amp7_5q31.3  	-0.171404057030002	0.144815154160391	-1.18360580440472	0.245287469905728	0.134786163881584	0.541122864292765
del11_5q31.3  	-0.171404057030002	0.144815154160391	-1.18360580440472	0.245287469905728	0.134786163881584	0.541122864292765
amp23_20q13.33	0.104246363654723	0.0897250642968901	1.16184217277108	0.25389237263366	0.133461863856035	0.541122864292765
del18_9q34.3  	-0.131599034370242	0.113766029863495	-1.15675157626704	0.2559364898682	0.133155074344974	0.541122864292765
amp25_22q13.2 	0.0884088582076609	0.0797815618167101	1.10813646906	0.276062631330239	0.130282603459919	0.567462075512157
amp3_1q21.2  	0.0646161692561418	0.0626031992850653	1.03215442651597	0.309737970322748	0.126005114510471	0.605939487281844
amp10_7q34    	0.048888389168769	0.0475170948562313	1.02885896784487	0.311260339014665	0.125825549479864	0.605939487281844
amp4_1q44    	0.0887024670649418	0.0876906296091619	1.01153871810808	0.319346486540431	0.124890040873187	0.605939487281844
del14_7q34    	0.0559976810305333	0.0565907178014111	0.98952059995141	0.329832079034979	0.123720909497711	0.610189346214712
del34_15q11.2 	0.0956270252697732	0.104119693647302	0.91843360194377	0.365263106169971	0.120102223758496	0.639227753405957
del37_16q12.1 	0.147833975013122	0.164648893600981	0.897874086973161	0.375958878737103	0.119100659377846	0.639227753405957
amp17_14q11.2 	-0.0870299271530146	0.0998197786674318	-0.871870568286581	0.389773824756742	0.117863222593908	0.639227753405957
del32_14q11.2 	-0.0870299271530146	0.0998197786674318	-0.871870568286581	0.389773824756742	0.117863222593908	0.639227753405957
amp6_5p15.33 	0.0471160886459963	0.0554748228484899	0.849323823433876	0.40201065012056	0.116817013537028	0.639227753405957
amp12_11q12.3 	-0.122871589019845	0.145915391713616	-0.842074215590649	0.405996005541621	0.116485926190373	0.639227753405957
del26_11q12.3 	-0.122871589019845	0.145915391713616	-0.842074215590649	0.405996005541621	0.116485926190373	0.639227753405957
del33_14q32.33	-0.0777722272085725	0.0979479332310589	-0.794016010783076	0.433035163275453	0.114356978204574	0.667595876716324
del2_1p21.1  	-0.0808928615370698	0.105723759847002	-0.765134172811614	0.449798130374344	0.113133072322191	0.679286972402071
del44_19q12   	0.120545308467141	0.164202848152196	0.734124345732483	0.468218329536902	0.111865913803314	0.692963127714616
del10_5p15.2  	-0.0802125793837959	0.116634156950264	-0.687728033375343	0.496579113928222	0.110061672993855	0.720526557464479
del4_2p11.1  	0.12164764673669	0.184758085054857	0.658415823592087	0.51498056544187	0.108978978383371	0.73285695851343
amp19_15q26.3 	0.0322533988017332	0.0524813680915566	0.614568559749918	0.543185131897006	0.107442920424997	0.758409429441102
del35_15q14   	0.0574370968053185	0.0983247942094217	0.584156796534793	0.563210582560504	0.106436821614741	0.771807094619951
del42_17q21.2 	0.062917935267918	0.113919525189575	0.552301593280128	0.584579066708378	0.105435464609492	0.786524562480363
amp2_1p12    	-0.0604932393429911	0.118327854892601	-0.511234141765665	0.612696703369463	0.10422436785414	0.806000442953302
del41_17q11.2 	0.072206892901938	0.144555776606262	0.499508871918788	0.620838179031598	0.10389518308697	0.806000442953302
del15_8p21.3  	0.0511964483166685	0.116825443922831	0.43823029125818	0.664163579526597	0.102295621424384	0.829412083692116
amp27_xq28    	-0.039907173282724	0.0970798580230944	-0.411075727708939	0.683757032427623	0.101652040686158	0.829412083692116
amp11_8q24.21 	-0.0157244257918247	0.0386618608877232	-0.406716734031233	0.686923611698324	0.101552480724344	0.829412083692116
amp14_12p13.31	0.0434877750817862	0.112052603769109	0.388101423965082	0.700510905874146	0.101139013223076	0.829412083692116
del28_12p13.31	0.0434877750817862	0.112052603769109	0.388101423965082	0.700510905874146	0.101139013223076	0.829412083692116
amp21_17q25.1 	0.0370480202826544	0.0973780337345484	0.380455620860521	0.706121098278423	0.100974696508105	0.829412083692116
del47_xp22.33 	-0.035956276963773	0.113458143190332	-0.316912263436697	0.75336855376449	0.0997336355305347	0.860791302883919
amp15_12q14.1 	0.0175817254986606	0.0561213545513826	0.313280490807887	0.756100468749389	0.0996694431988456	0.860791302883919
del6_3q28    	0.0291180891842871	0.110766705748684	0.262877630850127	0.794330074239026	0.0988541533717985	0.889135237448722
amp24_22q11.21	0.019317178392393	0.0776098335536285	0.248901170224065	0.805027850122491	0.0986531123760989	0.889135237448722
amp18_15q25.1 	0.0148887525637889	0.0947929154331228	0.157066089757447	0.876179599226329	0.0976037948544252	0.943901045859132
amp5_3p13    	0.00866368923982141	0.0569896708426837	0.15202209649073	0.880123948165947	0.0975598618759506	0.943901045859132
amp26_xp22.2  	-0.00913210849751256	0.098157192774048	-0.0930355508284974	0.926455370469744	0.0971523200441046	0.968583522231126
amp1_1p36.22 	-0.00892122556227984	0.0997834751646703	-0.0894058414738247	0.929316622681215	0.0971336411454347	0.968583522231126
del1_1p36.13 	-0.0060171130047	0.117283825362446	-0.0513038604096098	0.959402311899647	0.0969823862734455	0.985536306164966
del24_11p15.5 	-0.00160694167542264	0.0844979882583634	-0.0190175140088449	0.984945219192278	0.0969183173263128	0.985536306164966
del25_11q11   	0.0019593038449896	0.107237169130543	0.0182707531434784	0.985536306164966	0.0969175315005254	0.985536306164966
