estimate	std_error	t_value	p_values	r_sq	FDR
del3_1q21.3  	-3.90596638414978	1.478701603571	-2.64148383603361	0.00988233741469253	0.0460712841657498	0.731292968687247
amp3_1q21.2  	-2.40537134660448	1.37230228935004	-1.75279992263493	0.0833739464245314	0.00228247588487263	0.999301077590086
amp9_7p21.3  	-2.61190183353514	1.53311646386451	-1.7036551984781	0.0922326988139146	0.000286316349827676	0.999301077590086
del14_7q34    	-2.23708038073424	1.35638513195271	-1.64929585855431	0.102913057319136	-0.00186443483902421	0.999301077590086
amp10_7q34    	-2.09306202183112	1.27715240948029	-1.63885062291261	0.105075863004161	-0.0022707542805438	0.999301077590086
amp23_20q13.33	-3.23320836970415	2.31607855957505	-1.39598389542425	0.166487495812758	-0.0110705735240275	0.999301077590086
del15_8p21.3  	-2.46986255618378	1.85416187524548	-1.33206414669528	0.186529606846334	-0.0131751138139407	0.999301077590086
del42_17q21.2 	-3.02481567267374	2.36658618661883	-1.27813459310152	0.204808170905137	-0.0148804263237665	0.999301077590086
amp24_22q11.21	-1.86483230560126	1.4832100863556	-1.25729478430351	0.212216125832129	-0.015522010511569	0.999301077590086
amp11_8q24.21 	-1.38433237346221	1.15500890807169	-1.19854692356735	0.234156605432553	-0.0172780149674248	0.999301077590086
del12_6p22.1  	-1.95724506648	1.66374382663792	-1.17641011503266	0.242834912157016	-0.0179194135698701	0.999301077590086
amp25_22q13.2 	-1.73435876195309	1.47652136400663	-1.1746249016315	0.243544677129567	-0.0179706527388521	0.999301077590086
amp21_17q25.1 	-1.72215972069477	1.53753832092116	-1.12007596640779	0.265951338727564	-0.0195011745834852	0.999301077590086
amp4_1q44    	-2.06683272425593	1.92211310306908	-1.07529193831298	0.285397807810112	-0.0207065526487187	0.999301077590086
amp8_6p22.1  	-1.73296742662364	1.63003906940288	-1.06314471791064	0.290837229174792	-0.0210254970468067	0.999301077590086
del46_22q13.33	-1.55970807966223	1.67445426581338	-0.931472487189483	0.354343598952464	-0.0242614735954401	0.999301077590086
del36_16p12.2 	2.78053882097504	3.12702395537002	0.889196520608688	0.376498641342331	-0.0252137301778925	0.999301077590086
amp14_12p13.31	-2.16166071566742	2.44200616777559	-0.885198712514499	0.378637872549144	-0.0253015803329169	0.999301077590086
del28_12p13.31	-2.04005222756511	2.41818019954084	-0.843631185117005	0.401329867727567	-0.0261924026007161	0.999301077590086
del44_19q12   	2.24899263352436	2.77957539057054	0.809113737714711	0.420791237913927	-0.0269006841494435	0.999301077590086
del27_11q24.3 	1.84678329522036	2.29761109952632	0.80378411107132	0.423845669745235	-0.0270074936517326	0.999301077590086
amp18_15q25.1 	1.31121764716899	1.64817403539828	0.795557762109836	0.428586065570163	-0.0271710129407807	0.999301077590086
amp12_11q12.3 	1.81336610508548	2.29460856620461	0.790272524818849	0.431648162138802	-0.0272752098766864	0.999301077590086
del40_17p11.2 	1.82138147446514	2.48739707910707	0.73224395484093	0.466107477315231	-0.0283748391865861	0.999301077590086
del26_11q12.3 	1.6726850379739	2.29050593435175	0.730268807815727	0.467307154808502	-0.0284108324616328	0.999301077590086
del41_17q11.2 	-1.94004676811831	2.95100681811539	-0.657418599038442	0.512752964369699	-0.0296720563959547	0.999301077590086
amp13_11q13.3 	0.995208554619309	1.64144436435115	0.6063005096202	0.545990057015781	-0.0304796031563428	0.999301077590086
del16_9p21.3  	1.08426449338857	1.82165053031581	0.595209934805987	0.553342253026623	-0.0306463412602753	0.999301077590086
del25_11q11   	1.25181289711863	2.22025684323573	0.56381445278839	0.574419182088784	-0.0311019323090027	0.999301077590086
del34_15q11.2 	-0.893323772326503	1.59695210360954	-0.559392965078509	0.577418303201472	-0.0311641425630673	0.999301077590086
del4_2p11.1  	1.91393259407353	3.5202162682726	0.543697445899456	0.58812486741799	-0.031381081718681	0.999301077590086
del47_xp22.33 	1.33550380108006	2.49959460910644	0.534288158653646	0.594587820437762	-0.0315082168943908	0.999301077590086
del35_15q14   	-1.2759991588479	2.39987477408459	-0.53169405863463	0.596375423943803	-0.031542882663659	0.999301077590086
del24_11p15.5 	1.12798409441001	2.19610316605212	0.513629829348025	0.608892078455452	-0.0317796646992139	0.999301077590086
del37_16q12.1 	1.36131760611821	2.77760267183903	0.490105233523876	0.625368218840554	-0.0320759049424644	0.999301077590086
amp6_5p15.33 	-0.649924858044112	1.39728502056305	-0.465134062470818	0.643068330588229	-0.0323753413045214	0.999301077590086
del38_16q24.3 	1.21669770972945	2.70656637608659	0.449535514990276	0.654231407170596	-0.032554526942763	0.999301077590086
del30_12q24.33	1.43372464256004	3.19879688304955	0.448207465174596	0.655185518556089	-0.0325695031851181	0.999301077590086
amp19_15q26.3 	-0.69339560725402	1.61651730669673	-0.428944128455352	0.669088702097276	-0.0327817974336513	0.999301077590086
del10_5p15.2  	-0.912264878347938	2.13050699399084	-0.428191449697657	0.669634335472508	-0.0327899048770888	0.999301077590086
amp7_5q31.3  	-0.650415709195621	1.54218209906984	-0.421750265152161	0.674310929865531	-0.0328587086055896	0.999301077590086
del11_5q31.3  	-0.906449968292392	2.15902004788045	-0.419843238223875	0.675697991023962	-0.0328788808257598	0.999301077590086
del18_9q34.3  	1.03106947480622	2.67274683220609	0.385771470152739	0.700664949947641	-0.0332240008255191	0.999301077590086
del7_4q13.2  	0.999963253834294	2.68568949976685	0.372330179613504	0.710607590085157	-0.0333521794015539	0.999301077590086
del45_19q13.42	-0.685511672225774	1.91746100738092	-0.357510097773577	0.721628500669039	-0.0334882726335703	0.999301077590086
del29_12q13.13	1.10065336490582	3.18019957751679	0.346095689304269	0.730157239804729	-0.0335893468950195	0.999301077590086
del39_17p12   	0.559347233041878	1.66708843121182	0.33552343269234	0.738087190727485	-0.0336800553582275	0.999301077590086
amp16_12q15   	-0.353495496614687	1.12615563802004	-0.31389577486482	0.754397356009925	-0.0338568973395785	0.999301077590086
del5_2q37.3  	0.611811765119197	2.29964994539913	0.266045606786041	0.790871882406396	-0.0342064715888122	0.999301077590086
amp27_xq28    	0.657894177585437	2.47888143648298	0.265399614480494	0.791367709915713	-0.034210797786459	0.999301077590086
del8_4q13.2  	0.729426795035961	2.9892907121441	0.244013334692621	0.807829982519927	-0.0343481024224219	0.999301077590086
amp17_14q11.2 	-0.426664275224812	1.77204949708243	-0.240774468166543	0.810330900717592	-0.0343678944677239	0.999301077590086
del32_14q11.2 	-0.426664275224812	1.77204949708243	-0.240774468166543	0.810330900717592	-0.0343678944677239	0.999301077590086
del33_14q32.33	-0.392695930484218	1.63715683777602	-0.239864575844592	0.81103383792803	-0.0343734071836406	0.999301077590086
del19_10p11.21	-0.359469814988484	1.70951763230191	-0.210275581951412	0.833974207136812	-0.0345413290820233	0.999301077590086
del1_1p36.13 	-0.561286266591105	2.84717552474685	-0.197137922025728	0.844207433917861	-0.0346088256430683	0.999301077590086
amp15_12q14.1 	-0.233221574370545	1.23129624188345	-0.18941142386157	0.850238430359991	-0.0346464925538725	0.999301077590086
amp1_1p36.22 	-0.497864779415729	2.67105278318624	-0.186392714718965	0.852597161543615	-0.0346608004902578	0.999301077590086
amp5_3p13    	-0.303344614196789	1.75031636807471	-0.173308448535197	0.862836083123379	-0.0347201635540739	0.999301077590086
del13_6q27    	-0.370377224899673	2.42415292217168	-0.152786246078845	0.87894217992013	-0.0348045850695418	0.999301077590086
del23_10q26.3 	0.436689257520573	3.02838729375603	0.144198616346378	0.88569744164783	-0.0348367618067582	0.999301077590086
del20_10q11.22	0.389941661277477	2.84459307007824	0.137081702609488	0.89130223837955	-0.0348620192584288	0.999301077590086
amp2_1p12    	-0.176099991598134	1.31404435497463	-0.13401373472019	0.893720085170219	-0.0348725133899963	0.999301077590086
amp22_19q13.43	0.295072795394373	2.2890259297017	0.128907580978266	0.897746433658628	-0.0348894530497657	0.999301077590086
del21_10q11.23	0.303182182274745	3.02663642538737	0.100171325413141	0.920452816628842	-0.0349725226740012	0.999301077590086
del9_4q35.1  	-0.324128614288436	3.47469130368778	-0.0932827080047167	0.925906512508856	-0.0349893408439761	0.999301077590086
del17_9q21.11 	-0.209454969239999	2.30613676991139	-0.0908250421105975	0.92785311075368	-0.0349950513323327	0.999301077590086
amp20_16p11.2 	-0.188509078223218	2.43985813685374	-0.0772623110236669	0.938603084655136	-0.0350238236598646	0.999301077590086
del22_10q23.31	0.165750842450504	2.72459335604082	0.0608350754739271	0.951638584820823	-0.035052456658822	0.999301077590086
amp26_xp22.2  	0.10234078770396	1.70599481034607	0.0599889208825902	0.952310421295702	-0.0350537470826104	0.999301077590086
del43_19p13.2 	0.061903018262034	1.96817714118647	0.0314519546877357	0.974985536287203	-0.0350866846853355	0.999301077590086
del6_3q28    	-0.0590412327223543	2.91101027750853	-0.0202820420039487	0.983867652588436	-0.0350939790336906	0.999301077590086
del31_13q34   	0.0101746183612359	2.07958089175275	0.0048926292800567	0.996108145620796	-0.0350988695156225	0.999301077590086
del2_1p21.1  	-0.001796611886962	2.04475496910101	-0.000878644098736141	0.999301077590086	-0.0350991619412224	0.999301077590086
