estimate	std_error	t_value	p_values	r_sq	FDR
amp18_11q14.1 	-7.86245767612145e-17	7.24966750322891e-18	-10.8452665899776	6.20476426708269e-19	1	4.77766848565367e-17
del63_22q13.33	5.65044049934713e-17	9.53317521792478e-18	5.92713379349502	3.81529964120144e-08	1	1.46889036186255e-06
del53_18q23   	1.42699327832192e-16	2.78307059003802e-17	5.1274059789566	1.31552698242639e-06	1	3.37651925489439e-05
del45_16q22.1 	4.94560253221759e-17	1.02302421364523e-17	4.83429665324875	4.49550954547853e-06	1	8.65385587504617e-05
amp31_20p13   	-3.65219779194633e-17	8.65637792785459e-18	-4.21908311118702	5.15473242773134e-05	1	0.000793828793870626
del37_13q11   	-4.26146120082046e-17	1.21511630615329e-17	-3.50703976174183	0.000663590774985827	1	0.00851608161231812
del61_21q22.3 	-1.9741993010511e-16	5.77851049912779e-17	-3.41645014117234	0.000897887386483748	1	0.00987676125132123
del31_10q23.31	5.30181997445634e-17	1.7297441689577e-17	3.06508908635378	0.00275456330942394	1	0.0265126718532054
del52_17q21.31	3.58317259105779e-17	1.40143537018989e-17	2.55678761024298	0.0119665893093229	1	0.0902864295813855
amp19_12p13.33	8.87711400281376e-17	3.51666187749526e-17	2.52430125842422	0.0130607985107996	1	0.0902864295813855
del38_13q14.2 	-4.00081449113191e-17	1.59154848106033e-17	-2.51378738300605	0.0134336821440952	1	0.0902864295813855
del29_9q34.13 	-4.93466830382845e-17	1.97669901332811e-17	-2.49641866088661	0.0140706124022938	1	0.0902864295813855
del8_3p26.3  	9.48323056453617e-17	4.17025127126864e-17	2.27401898534791	0.0249602778226162	1	0.138986698755916
amp6_2q14.1  	6.60444812945982e-17	2.91064784706154e-17	2.26906464694015	0.025270308864712	1	0.138986698755916
del44_16p13.11	2.11170519063556e-17	9.90254139634488e-18	2.1324881221047	0.0352539104983544	1	0.180970073891553
del21_7p22.1  	1.28008112219988e-16	6.16368639322989e-17	2.07681092212268	0.0402140034911328	1	0.193529891801076
del34_11q11   	-1.72942180431196e-16	8.63398808155054e-17	-2.00303936949769	0.0477015975007629	1	0.21606017691522
del12_4p16.1  	-1.12640783673558e-16	6.51358295193702e-17	-1.72932139660647	0.0866354762678134	1	0.361916147003353
del58_20p13   	4.58050863294706e-17	2.67139216711391e-17	1.7146522660863	0.0893039843255026	1	0.361916147003353
amp2_1p34.2  	4.15742419079531e-17	2.49920503436068e-17	1.66349864602398	0.099138965519979	1	0.367317901646528
del56_19q13.42	-3.50619043701117e-17	2.11427680346905e-17	-1.65834030400291	0.100177609539962	1	0.367317901646528
del11_4p16.3  	2.37931859230512e-17	1.63828176730547e-17	1.45232562541329	0.149337209971728	1	0.522680234901049
del41_15q11.2 	-2.08987116961691e-17	1.46475971995057e-17	-1.42676723093357	0.156558512738855	1	0.524130673082254
del57_19q13.42	3.78520592598155e-17	2.70779773581489e-17	1.39789094137876	0.165037052711053	1	0.529493877447961
del6_2p25.3  	-3.23504651033128e-17	2.38641693955367e-17	-1.35560825801728	0.178078262661025	1	0.538972620528521
del48_17p11.2 	-1.88757468499429e-17	1.40509225227687e-17	-1.34338132029095	0.181990754983656	1	0.538972620528521
amp29_19q12   	1.93767510763371e-17	1.51233717684022e-17	1.28124543739787	0.202877274391249	1	0.577399114969749
del18_6p25.3  	1.95429755510965e-17	1.5494981691319e-17	1.26124547549775	0.209963314534454	1	0.577399114969749
del51_17q21.31	2.46493093004035e-17	2.05441524336195e-17	1.19982118415681	0.232858715794863	1	0.618280038489808
del26_8q21.2  	1.65243822604028e-17	1.40802140497452e-17	1.1735888532676	0.24316545945086	1	0.624124679257207
del9_3p12.1  	1.27479838628357e-16	1.19515634545914e-16	1.06663734090273	0.288536421081076	1	0.673432180038431
amp11_5q31.3  	2.60032578879116e-17	2.53345272141267e-17	1.02639601947701	0.30701971869773	1	0.673432180038431
del55_19p12   	3.65287529643728e-17	3.65522289086094e-17	0.999357742470499	0.319876092248292	1	0.673432180038431
del40_14q32.33	-3.88800540243798e-17	3.93800734761241e-17	-0.987302729334738	0.325721589074806	1	0.673432180038431
amp4_2p25.1  	3.60825423275173e-17	3.66977291469414e-17	0.983236379096898	0.327709159108225	1	0.673432180038431
del16_5q13.2  	-3.46516021718577e-17	3.52692420075153e-17	-0.982487861930063	0.328075890936169	1	0.673432180038431
amp8_3q26.2  	-2.78456088630783e-17	2.85641690055024e-17	-0.97484400325857	0.331836406739857	1	0.673432180038431
del62_22q11.21	1.02981905969691e-17	1.06654885453118e-17	0.965562013705957	0.336440656968896	1	0.673432180038431
del15_4q35.2  	2.61997072273828e-17	2.73976770361999e-17	0.956274767118604	0.341089026253231	1	0.673432180038431
amp32_20q13.33	-4.68840428072819e-17	5.09787084644968e-17	-0.919678905555905	0.359809272717122	1	0.692632849980459
del32_11p15.5 	3.27714879367996e-17	3.68725850443644e-17	0.888776523191133	0.376116899451136	1	0.706365884335061
amp10_5p15.33 	-3.11214499464883e-17	3.62169841266694e-17	-0.859305397645497	0.392093120019527	1	0.71273594062411
del7_2q37.3  	-1.12620243436587e-17	1.33546170420048e-17	-0.843305675350767	0.40093877846898	1	0.71273594062411
amp28_19p13.11	-7.4968587438508e-18	9.01095061023242e-18	-0.831972015842336	0.407277680356635	1	0.71273594062411
del27_9p24.3  	1.46694713960178e-17	1.82844941745956e-17	0.80229024964768	0.424163407810165	1	0.725790720030727
del60_21q11.2 	2.81456649980199e-17	3.61211719038214e-17	0.779201324723419	0.437581103191757	1	0.732472716212289
del20_6q27    	6.45111646264041e-18	8.85306290591754e-18	0.728687521053123	0.467784704375671	1	0.766370685892056
del22_7q22.1  	7.87018006018983e-18	1.15532808016606e-17	0.681207372632944	0.49721193625133	1	0.78564183781482
amp26_17p11.2 	-5.07031818162473e-18	8.0485711045189e-18	-0.629965010656112	0.530060455822508	1	0.78564183781482
del47_17p11.2 	-5.07031818162473e-18	8.0485711045189e-18	-0.629965010656112	0.530060455822508	1	0.78564183781482
amp23_14q32.33	-1.34360784306519e-17	2.17545376096086e-17	-0.617621880628593	0.538136860428735	1	0.78564183781482
del30_10q11.22	1.71871809682146e-17	2.84539631039951e-17	0.604034696516541	0.547099124555344	1	0.78564183781482
amp25_15q26.3 	2.08249669501841e-17	3.48251593759833e-17	0.597986264049829	0.551112700911671	1	0.78564183781482
amp13_7q34    	2.01532673314108e-17	3.43233697536284e-17	0.58715876314214	0.558334012271418	1	0.78564183781482
amp17_10q26.13	-1.19530823428875e-17	2.09352181889589e-17	-0.570955708939853	0.5692268867459	1	0.78564183781482
del33_11p14.2 	4.80432494698009e-17	8.46164112489913e-17	0.567776968564992	0.571375882047142	1	0.78564183781482
del42_15q11.2 	-8.43811975136974e-18	1.90498516758118e-17	-0.442949367531501	0.658696584197616	1	0.889818192688008
amp7_2q31.2  	8.4804858253785e-18	2.12531885323836e-17	0.399021813242598	0.690672376396435	1	0.893119683482719
amp9_4p16.3  	-7.67216505090493e-18	1.9315130195919e-17	-0.397210113164339	0.692003745985616	1	0.893119683482719
amp12_6p21.33 	6.95419680997563e-18	1.77464142391205e-17	0.39186489824213	0.69593741570082	1	0.893119683482719
del49_17p11.2 	9.41960002471596e-18	2.91528352834603e-17	0.323110940432614	0.747241816392663	1	0.943239669872706
del19_6p22.1  	-7.53008632465775e-18	2.52816499555129e-17	-0.297847899085231	0.766396807104739	1	0.951815389468788
del10_3q29    	-8.49278806702437e-18	3.03721102083891e-17	-0.279624563744621	0.780305373121924	1	0.953706567149018
del23_8p23.1  	-2.52434832555927e-18	1.04482819624578e-17	-0.241604154121187	0.809549313883221	1	0.973989018265751
del3_1p11.2  	1.08997676894589e-17	5.53887292573912e-17	0.196786744083038	0.844367723261373	1	0.981552888015363
amp5_2q11.2  	1.9793307315019e-18	1.03352213033348e-17	0.19151314455775	0.848486533598561	1	0.981552888015363
del24_8p23.1  	4.33926648053726e-18	2.35366718909678e-17	0.184361939557072	0.854078486974407	1	0.981552888015363
amp20_12q13.2 	-4.08821807725188e-18	2.54053809225861e-17	-0.160919377265362	0.872460332621555	1	0.986920261760508
amp22_14q11.2 	2.08884508243159e-18	1.97651584217266e-17	0.105683194531618	0.91603158598839	1	0.986920261760508
del2_1p36.11 	-2.9820860936474e-18	3.22131724718041e-17	-0.0925734991254772	0.926415503722483	1	0.986920261760508
del36_12q24.33	-1.71968987850459e-18	1.89712560201013e-17	-0.0906471283020199	0.92794245731225	1	0.986920261760508
del50_17q12   	-2.97242252651445e-18	4.26843216755494e-17	-0.0696373377819689	0.944612296208407	1	0.986920261760508
amp16_9p24.2  	-2.74388441065401e-18	4.13151136641761e-17	-0.0664135752586153	0.947172496914369	1	0.986920261760508
del14_4q13.2  	2.91281629175633e-18	5.04249492955207e-17	0.057765378695484	0.954043254525137	1	0.986920261760508
amp27_17q25.3 	-2.34977393691197e-18	4.82958869379699e-17	-0.0486537070937317	0.961285969247248	1	0.986920261760508
del1_1p36.21 	-4.90946248237021e-19	3.22597580653504e-17	-0.0152185347218812	0.987886175190784	1	0.993678492819271
del39_14q11.2 	-3.38094490481948e-19	4.2573388706544e-17	-0.00794145123876359	0.993678492819271	1	0.993678492819271
