HR	lower_CI	upper_CI	z_scores	p_values	FDR
del38_13q14.2 	1.31167640436425	3.71239196869588	0.410250118660201	3.1972602680724	0.00138739681711694	0.131802697626109
amp4_2p25.1  	0.901746904256874	2.46390355744238	0.334254213234196	2.69778769736871	0.00698019407402782	0.207916196194814
amp16_9p24.2  	-1.02534998695036	0.358670913297304	0.386929172959354	-2.64996815595002	0.00804993578568976	0.207916196194814
del27_9p24.3  	-1.01187972580061	0.363534990815607	0.385992589876515	-2.62150039233738	0.00875436615557112	0.207916196194814
amp31_20p13   	0.782482029683698	2.18689346942677	0.316311044392471	2.47377397519137	0.0133694249925582	0.212885526727697
amp2_1p34.2  	0.626398271904023	1.87086010047977	0.26136666246206	2.3966265093007	0.0165467803573189	0.212885526727697
del18_6p25.3  	0.512652059055485	1.66971350706392	0.216021649376891	2.37315130466885	0.0176370373840774	0.212885526727697
del19_6p22.1  	0.715114601209888	2.04442096194969	0.30210345043393	2.36711828409349	0.0179272022507535	0.212885526727697
amp8_3q26.2  	0.561936725930218	1.75406635854855	0.256816457560162	2.18808689781331	0.0286632731143716	0.302556771762811
amp14_8p11.1  	0.54057829156437	1.71699950146746	0.260669548390354	2.07380683667296	0.0380972539851045	0.361923912858493
del7_2q37.3  	0.84438052881944	2.3265361459873	0.432820026278032	1.95088137690984	0.0510711584840219	0.441069095998371
del56_19q13.42	0.581393229492282	1.7885285264007	0.30957814203012	1.87801769750177	0.0603787441043927	0.470578155096582
del55_19p12   	0.677126402342436	1.96821374371242	0.366125923724108	1.84943583195349	0.0643949054342691	0.470578155096582
del59_21p11.2 	0.944295024624147	2.57100024769117	0.545922083706081	1.72972490545472	0.083679436758835	0.522813617204386
del58_20p13   	0.703497418331977	2.02080797352244	0.407277846326935	1.72731570026831	0.0841109810212627	0.522813617204386
del1_1p36.21 	-0.487975839037179	0.613867704498431	0.290443428177033	-1.68010631915467	0.0929366316375104	0.522813617204386
del24_8p23.1  	-0.608846630545725	0.543977914908088	0.363072124547275	-1.67693025540012	0.0935561209734164	0.522813617204386
amp12_6p21.33 	0.223668341260621	1.25065615959093	0.15178949128323	1.47354299279698	0.140604680034229	0.700065080837795
del48_17p11.2 	0.543125203862103	1.72137812222756	0.378233938956523	1.43595047382708	0.151016434535405	0.700065080837795
del9_3p12.1  	-0.733319067577562	0.480312153056794	0.529556043157215	-1.38478085002205	0.166119488246144	0.700065080837795
del6_2p25.3  	0.48876462580223	1.6303009436811	0.353964091184514	1.38083110116231	0.167330898347712	0.700065080837795
amp22_14q11.2 	0.32332495433049	1.38171427199844	0.234460414654382	1.37901724181075	0.167889437938929	0.700065080837795
del39_14q11.2 	0.363863359409993	1.43887759164197	0.26628709045982	1.36643259266411	0.171803224688458	0.700065080837795
del35_12p13.31	0.368586664537468	1.44568992524847	0.278699340853299	1.32252434974894	0.185993606552075	0.700065080837795
amp21_13q33.1 	0.335293093889986	1.39835017305816	0.267831217630391	1.25188205040643	0.210612846239074	0.700065080837795
amp29_19q12   	0.216414683987064	1.24161715101003	0.173133769888526	1.24998539641575	0.211304882045013	0.700065080837795
del2_1p36.11 	-0.358200261172413	0.698933091829988	0.288043343750822	-1.24356375157997	0.213660164057142	0.700065080837795
del23_8p23.1  	-0.580186388147155	0.559794017871245	0.46897011257848	-1.23715002851075	0.216031389503109	0.700065080837795
del3_1p11.2  	-0.564018431756449	0.568918304918847	0.458349252072817	-1.23054293032171	0.218493861160783	0.700065080837795
del33_11p14.2 	0.37645015661593	1.45710291067419	0.319196112210179	1.17936949171878	0.238251077890417	0.700065080837795
del21_7p22.1  	0.57670063900139	1.78015535574058	0.490425059238439	1.17592000681394	0.239626843218294	0.700065080837795
amp27_17q25.3 	-0.528141009926061	0.589700198168493	0.451097046823527	-1.17079243512023	0.241682219306551	0.700065080837795
del12_4p16.1  	0.354564211390185	1.42555927640134	0.303806119200352	1.16707396257663	0.243180501764708	0.700065080837795
del34_11q11   	0.591835367637928	1.80730243764898	0.518281968252532	1.14191772797613	0.253488218967233	0.70749590744833
del8_3p26.3  	-0.535650965946058	0.585288163444967	0.484179468908577	-1.10630664937839	0.268593814713507	0.70749590744833
del51_17q21.31	-0.376677501662594	0.686137316362698	0.344598604049535	-1.09309061974159	0.274354014081651	0.70749590744833
amp24_15q13.2 	-0.296927154611348	0.743098141663317	0.272318275438567	-1.09036807806288	0.275551037637771	0.70749590744833
del36_12q24.33	-0.503429977874087	0.604453836734403	0.48601368339891	-1.03583498792334	0.300279131688156	0.75069782922039
amp28_19p13.11	0.207632261836743	1.23076048871843	0.203929088688012	1.0181591217445	0.308602342545785	0.751408690586398
amp20_12q13.2 	0.374279780710046	1.45394387900763	0.373562829547469	1.00191922510986	0.316382606562694	0.751408690586398
del5_1q44    	0.376743190002492	1.45752995304045	0.388914652052951	0.968704028027203	0.332692882252171	0.770873751559909
amp10_5p15.33 	0.241500655177494	1.27315828906191	0.277689726140398	0.869678034308671	0.384476379513612	0.780918533388326
amp30_19q13.2 	-0.217899282564061	0.804206435197879	0.250880710256146	-0.868537411033272	0.385100201245876	0.780918533388326
amp1_1p36.33 	-0.328419956113267	0.720060562365254	0.378544555089749	-0.867585999316254	0.385621013685149	0.780918533388326
amp25_15q26.3 	0.364747120010601	1.44014977703743	0.423850165088861	0.860556748713619	0.389482215771143	0.780918533388326
amp15_8q24.3  	-0.178853180542606	0.83622866502348	0.20950601315066	-0.8536899626551	0.393276797076347	0.780918533388326
del4_1q31.3  	0.332653648490816	1.39466417076828	0.402563979084533	0.826337342072433	0.408612756241529	0.780918533388326
del30_10q11.22	0.363237003257115	1.43797662400198	0.442370045607088	0.821115730742178	0.411580350518926	0.780918533388326
del41_15q11.2 	0.267607381006721	1.30683395144734	0.327364292807849	0.817460507715779	0.413665309254686	0.780918533388326
amp23_14q32.33	-0.24814808830197	0.78024438965539	0.309947181551441	-0.800614114507719	0.423355077006845	0.780918533388326
del22_7q22.1  	0.283259464214303	1.3274495427906	0.359645184987011	0.787608109433005	0.43092596976643	0.780918533388326
amp6_2q14.1  	0.292513738147479	1.33979114268577	0.372579296380592	0.785104650175394	0.432392213501395	0.780918533388326
del16_5q13.2  	-0.384997557679834	0.680452298084928	0.501692952009343	-0.767396783506468	0.442845640346537	0.780918533388326
del44_16p13.11	0.300890017606887	1.35106074047294	0.396597802008524	0.758677975730233	0.448045214914639	0.780918533388326
del13_4q13.2  	0.422785795373184	1.52620734027623	0.562289343733607	0.751900778638063	0.452110729856399	0.780918533388326
del62_22q11.21	-0.210439877567035	0.81022776655359	0.312010407868609	-0.674464287920976	0.500016182767991	0.836208287627005
del11_4p16.3  	0.340737687554264	1.40598438528381	0.507217617640834	0.671778100175423	0.501724972576203	0.836208287627005
del10_3q29    	0.138724296610133	1.14880732626366	0.219198233925087	0.632871415640798	0.526817615540539	0.860311749049368
amp13_7q34    	0.112438548534029	1.11900349039499	0.187588910250684	0.599388036231842	0.548914153126605	0.860311749049368
del20_6q27    	-0.262503898253892	0.769123366124571	0.440733256515739	-0.59560719408638	0.551437669560045	0.860311749049368
amp9_4p16.3  	-0.257184645847027	0.773225427719385	0.432860289152371	-0.59415162880995	0.552410702021173	0.860311749049368
del52_17q21.31	-0.144923854021211	0.865088163587779	0.253090608202476	-0.572616483284396	0.566904396598673	0.865548817220421
del14_4q13.2  	0.274280863292572	1.3155842496782	0.491216730418478	0.558370361406272	0.576591507323565	0.865548817220421
del17_5q35.3  	-0.218188341200325	0.803974005976902	0.404002682733751	-0.54006656521169	0.589151127489946	0.865548817220421
amp32_20q13.33	0.177085240073207	1.19373284266541	0.338892859333487	0.522540487933229	0.601294064017962	0.865548817220421
amp11_5q31.3  	-0.121601284331643	0.885501361393192	0.232733829688394	-0.522490797725685	0.601328651963661	0.865548817220421
del26_8q21.2  	0.150245199749382	1.16211915912271	0.305239381002163	0.492220889899907	0.622563198287629	0.871994180716083
del42_15q11.2 	0.181581689367333	1.19911248744935	0.379712577205804	0.478208256106606	0.632501986844717	0.871994180716083
amp19_12p13.33	0.156210766217497	1.16907257813046	0.327467584667995	0.477026654030116	0.63334314178326	0.871994180716083
del54_19p13.3 	0.314809797120345	1.36999870847464	0.69577356222524	0.452460131013764	0.65093753677696	0.883415228483018
del43_15q14   	0.25394793092055	1.28910468002627	0.619202887376026	0.410120715032024	0.681717397615933	0.886935137100801
del49_17p11.2 	0.181297870678849	1.19877220520733	0.44922340201496	0.403580645767006	0.686521120309555	0.886935137100801
amp17_10q26.13	0.0781956081683565	1.08133415577772	0.198937661411903	0.393065886134308	0.694270819348414	0.886935137100801
del45_16q22.1 	-0.181245492865414	0.834230535910875	0.4700870325361	-0.385557312414261	0.699824552957402	0.886935137100801
amp18_11q14.1 	-0.138819835483404	0.870384826794651	0.373013283729583	-0.372157886966946	0.709775299011494	0.886935137100801
amp7_2q31.2  	0.116748753151775	1.12383703370384	0.314397224852441	0.371341551143049	0.710383153494289	0.886935137100801
amp5_2q11.2  	-0.127156073484601	0.880596224150177	0.35400478807697	-0.35919308937978	0.719450646027775	0.886935137100801
del37_13q11   	0.134414409579031	1.14386675077572	0.386811035975267	0.347493729697064	0.728220428356447	0.886935137100801
del53_18q23   	0.161755873474359	1.17557321768211	0.488277879524744	0.331278315601356	0.740434269084	0.890395640037721
del46_16q24.3 	0.157747366520355	1.17087035628758	0.512167203319313	0.307999742072525	0.758082528601601	0.900223002714401
del61_21q22.3 	0.125435422905259	1.13364195929251	0.479522225245811	0.261584169202916	0.793642050297842	0.930814750349321
del60_21q11.2 	-0.106173419956508	0.899268683416656	0.484371816203469	-0.219198178764199	0.826495674124126	0.942922770105284
del15_4q35.2  	0.113880422362446	1.12061811600517	0.52808690972455	0.215647122216769	0.82926282166367	0.942922770105284
del50_17q12   	0.0794220860265525	1.08266120180703	0.384248804097546	0.206694426058357	0.836248510765848	0.942922770105284
del40_14q32.33	-0.0828990085094446	0.920444099547935	0.420371408129542	-0.197204203012538	0.843667741673149	0.942922770105284
del29_9q34.13 	-0.0911521718614518	0.912878785865168	0.561299275632605	-0.162394957233323	0.87099484167624	0.953422469487962
del31_10q23.31	0.0719439489434759	1.07459511018448	0.450554740687829	0.159678597174772	0.873134261531081	0.953422469487962
del32_11p15.5 	-0.0787688507172344	0.924253540298494	0.599856917778967	-0.131312732057645	0.895527920277983	0.966763095754641
amp3_1q21.2  	-0.0255290240993005	0.974794086034804	0.28620866230521	-0.0891972447433355	0.928925155027665	0.969549048318969
del25_8p23.1  	0.0301374890838866	1.03059621994329	0.339619343111862	0.0887390241313789	0.929289318085289	0.969549048318969
del57_19q13.42	0.0301670778020789	1.03062671441556	0.365034870119207	0.0826416330917303	0.934136496059928	0.969549048318969
amp26_17p11.2 	-0.0172692532625637	0.982879005624695	0.287245269254692	-0.060120235599952	0.952059873434686	0.969549048318969
del47_17p11.2 	-0.0172692532625637	0.982879005624695	0.287245269254692	-0.060120235599952	0.952059873434686	0.969549048318969
del63_22q13.33	0.0283715287777124	1.02877783399845	0.556547545937846	0.0509777268533333	0.95934326886298	0.969549048318969
del28_9q33.3  	-0.0142369377790464	0.985863928178132	0.513123649720035	-0.0277456277581713	0.977865032008061	0.977865032008061
