estimate	std_error	t_value	p_values	r_sq	FDR
amp31_20p13   	0.206947203508862	0.0532705859371224	3.88483062215855	0.000265261372416314	0.215591911623727	0.0251998303795499
del58_20p13   	0.190475653535704	0.0641846573217994	2.96761970046402	0.00435527286803907	0.141795248761148	0.206875461231856
del19_6p22.1  	0.147108556393737	0.0523538740739584	2.80988864713091	0.00674558221882579	0.129926823149561	0.21361010359615
amp30_19q13.2 	-0.0981554252960982	0.0365482682452178	-2.68563819871114	0.00942518752659229	0.120816553887191	0.223848203756567
del45_16q22.1 	-0.188126558999855	0.0801836770630831	-2.34619520942959	0.0224050185978434	0.0971700360256247	0.339383571051828
amp14_8p11.1  	0.120789279965014	0.0518869231547956	2.32793298621042	0.0234251174523993	0.0959548605994764	0.339383571051828
del4_1q31.3  	0.146230718623511	0.0665211159144566	2.19826015564076	0.031934784565374	0.0875100696819595	0.339383571051828
del38_13q14.2 	0.132353308782562	0.0602599454361396	2.19637286135321	0.0320765181167069	0.0873896037168798	0.339383571051828
amp15_8q24.3  	0.0715980415032067	0.032613214301669	2.19536905626449	0.0321521277838574	0.0873255600579921	0.339383571051828
amp12_6p21.33 	0.069813796256402	0.0327697983356127	2.13043106159526	0.0373884182206702	0.0832260485818479	0.355189973096367
del48_17p11.2 	0.127409221094666	0.061745724216966	2.06345010460914	0.0435548828300383	0.0790895223750444	0.376155806259422
amp29_19q12   	0.0616364449319182	0.0305468727567453	2.01776612037341	0.0482500678476313	0.0763233477699841	0.381979703793748
del51_17q21.31	-0.129538394622799	0.0711247881173906	-1.82128338166713	0.0737225136341388	0.064960513703107	0.538741445787937
del15_4q35.2  	0.153846029469251	0.0896637371856021	1.71581103239979	0.0915343780237197	0.0592367168115664	0.593117306843961
del8_3p26.3  	0.135304147690384	0.0803551786881755	1.68382610678326	0.0975905316759811	0.057555193754487	0.593117306843961
amp27_17q25.3 	-0.114078367599409	0.0682249997723894	-1.67209040644916	0.0998934411526671	0.0569446709497559	0.593117306843961
del57_19q13.42	-0.0846474366854891	0.0562177415105906	-1.50570681800767	0.137569498690774	0.0486710967648295	0.748632532848271
del53_18q23   	0.123354149916744	0.0828311403927409	1.48922433437309	0.14184616411862	0.0478912390340888	0.748632532848271
del36_12q24.33	-0.115268091740389	0.0812386822715053	-1.41888184935293	0.161285154567608	0.0446458440740803	0.772298672547154
amp19_12p13.33	-0.0732261959724826	0.0518775332438418	-1.41152039030643	0.163433481583905	0.0443140410848862	0.772298672547154
del46_16q24.3 	-0.0995484017257256	0.0721487559086837	-1.37976601913581	0.172954864338677	0.0428999770323785	0.772298672547154
amp16_9p24.2  	-0.0635847321105045	0.0467267258298348	-1.36077867604209	0.178848113642499	0.0420678650257357	0.772298672547154
amp5_2q11.2  	-0.0734841203719936	0.0579866177479039	-1.26725998559642	0.210127034087339	0.0381180631617042	0.86724934825752
amp7_2q31.2  	0.0699345986568374	0.0581503134896471	1.20265213478666	0.233997667141593	0.0355360217169621	0.86724934825752
del27_9p24.3  	-0.0506448658528935	0.0439632893487476	-1.15198081406382	0.254055297345763	0.0335963929022531	0.86724934825752
del5_1q44    	0.0777044749512245	0.0683542800803926	1.13679018870267	0.260300978644505	0.0330297123614161	0.86724934825752
del26_8q21.2  	0.0564407090349433	0.0496632036712283	1.13646935482822	0.260434056255547	0.033017817771533	0.86724934825752
del9_3p12.1  	0.114401197091996	0.101343930194488	1.12884113407137	0.263612374616367	0.0327359125265331	0.86724934825752
del22_7q22.1  	-0.0647601239449501	0.0575056622299648	-1.12615212891515	0.264739274731243	0.0326369524384532	0.86724934825752
del7_2q37.3  	0.080044531524202	0.072825354027659	1.09913000208418	0.276252902345234	0.0316544965166925	0.874800857426573
del23_8p23.1  	-0.0800408642598573	0.0767979762707302	-1.04222621671299	0.301631695605094	0.0296575147669547	0.92435519620916
del33_11p14.2 	-0.0599091561231101	0.0606458557055453	-0.987852433214693	0.327328182251335	0.0278413584005792	0.929520528529112
amp6_2q14.1  	0.0752236950456547	0.0765653489625328	0.982477009050991	0.329945576167379	0.0276667389966306	0.929520528529112
del25_8p23.1  	-0.0536077017402243	0.0548747176824971	-0.976910752423298	0.332670504947261	0.0274868590007389	0.929520528529112
del30_10q11.22	-0.0749174529906457	0.0816101849981088	-0.917991461389064	0.362425104322239	0.0256416433038067	0.938341044995519
del11_4p16.3  	0.073005181684402	0.0795637434684296	0.917568461486103	0.362644731220884	0.0256287862747335	0.938341044995519
amp18_11q14.1 	0.0692041355108112	0.0773602941533259	0.894569187827164	0.374714789044298	0.0249381481530037	0.938341044995519
del42_15q11.2 	-0.0538737062479581	0.0625814301032151	-0.860857704259947	0.392861245193808	0.0239558329160551	0.938341044995519
del37_13q11   	-0.0583795721645671	0.0701937778419038	-0.83169155385901	0.408994206604293	0.0231348896799785	0.938341044995519
del16_5q13.2  	0.0670771650719839	0.08115259398437	0.826556019699173	0.411876218308461	0.0229931289824044	0.938341044995519
del2_1p36.11 	0.0460192798599083	0.0558149494538514	0.824497384844139	0.413034966169634	0.0229365377090864	0.938341044995519
del44_16p13.11	0.0650973776131403	0.0805254035892895	0.808407964586703	0.422159315961928	0.0224988845433941	0.938341044995519
del35_12p13.31	-0.0379979543621852	0.0472655191822408	-0.803925462358241	0.424722788787446	0.0223784219955284	0.938341044995519
amp2_1p34.2  	0.0441204838462395	0.0611250705614943	0.721806673447559	0.473313371478769	0.0202853708862747	0.993541579066904
amp11_5q31.3  	0.0305373789688516	0.0433558239408687	0.704343181448939	0.484037655969515	0.0198682432758484	0.993541579066904
amp9_4p16.3  	0.0341147398633185	0.0528572114072354	0.645413160381909	0.521204635555053	0.0185336760089233	0.993541579066904
del17_5q35.3  	-0.0449093844338404	0.0698896867732003	-0.642575271221007	0.523031808457295	0.0184722610728494	0.993541579066904
amp3_1q21.2  	-0.0353749265326541	0.055647575797309	-0.635695733835808	0.527475157700753	0.018324472332539	0.993541579066904
amp25_15q26.3 	0.039911305359283	0.0656900765601921	0.607569779930338	0.545844413205363	0.0177363660618122	0.993541579066904
del41_15q11.2 	-0.0340867355052147	0.061412272373598	-0.555047618134858	0.580996511071214	0.0167076897206732	0.993541579066904
del61_21q22.3 	0.0505718257475098	0.0946859993639046	0.534100353666314	0.595313418266766	0.0163227984300431	0.993541579066904
amp20_12q13.2 	-0.0465122066585163	0.0878019105352587	-0.529740257073772	0.598314081377333	0.0162445093692545	0.993541579066904
del12_4p16.1  	0.0338930987424038	0.0640914918800138	0.52882368233611	0.598945772409186	0.016228131583729	0.993541579066904
amp23_14q32.33	0.0265972092652554	0.0509834932161168	0.521682756269976	0.603877790731337	0.0161014870087006	0.993541579066904
amp13_7q34    	0.0203684939056412	0.0400246284565403	0.508899012710582	0.612753557305805	0.0158789880685891	0.993541579066904
del29_9q34.13 	-0.0371510126742201	0.0756862945544324	-0.490855218807173	0.625380975264419	0.0155741696214938	0.993541579066904
amp22_14q11.2 	-0.0237975966462966	0.0499508303142712	-0.476420441793888	0.635564816663884	0.0153381114162719	0.993541579066904
amp32_20q13.33	0.0242808650749544	0.0512154601116538	0.474092491252059	0.63721391428053	0.0153006907794521	0.993541579066904
del32_11p15.5 	0.0512674250784677	0.108796270186231	0.471224105299853	0.639248387994618	0.0152548311022097	0.993541579066904
del60_21q11.2 	0.0433151042309785	0.0958537218343318	0.451887557437174	0.653035418638044	0.0149528340545757	0.993541579066904
del43_15q14   	-0.0357061234749449	0.0805955355134158	-0.443028552977371	0.659393141542274	0.0148186412930127	0.993541579066904
del40_14q32.33	-0.0283745085111809	0.0665253626612479	-0.426521665964694	0.671306722974904	0.0145755955723785	0.993541579066904
del31_10q23.31	-0.0373815720353987	0.0897690960241482	-0.416419165292061	0.678640319513052	0.014431342587376	0.993541579066904
amp1_1p36.33 	0.0235936955551594	0.0583856851292371	0.404100688429613	0.687624901080809	0.0142600715333301	0.993541579066904
del18_6p25.3  	0.0194016238838441	0.0498555307653987	0.389156901671369	0.698585218051138	0.0140591267436821	0.993541579066904
del6_2p25.3  	0.0188111645009936	0.0529579001593363	0.355209788235481	0.723720947869937	0.0136305102141164	0.993541579066904
del49_17p11.2 	-0.0306611535397809	0.0927895686292027	-0.330437504912931	0.742260093277992	0.0133421989431191	0.993541579066904
del21_7p22.1  	0.0243655497195511	0.0746672253167732	0.326321885086544	0.745355415596371	0.0132963020293358	0.993541579066904
del54_19p13.3 	0.0408231098370542	0.129500817344556	0.315234379783398	0.753715117014671	0.0131754973092875	0.993541579066904
amp24_15q13.2 	-0.01490725465095	0.0478740963174249	-0.311384564882621	0.756624780930508	0.0131345212788412	0.993541579066904
del1_1p36.21 	-0.0185812719180479	0.0598327845262054	-0.310553354071458	0.75725347100654	0.013125739820799	0.993541579066904
del13_4q13.2  	0.0281556288240064	0.0938763563878492	0.299922471507966	0.765308584885797	0.0130154847469363	0.993541579066904
del34_11q11   	-0.016279854484785	0.0616841647970516	-0.263922751298453	0.79277493782107	0.0126704839309323	0.993541579066904
del52_17q21.31	0.0121414548303872	0.0531753844753813	0.228328482251189	0.820193983710369	0.0123724876636926	0.993541579066904
amp21_13q33.1 	-0.00963579545298017	0.0425627461220451	-0.226390360841623	0.821693792245287	0.0123574940777007	0.993541579066904
del59_21p11.2 	0.0279894817782405	0.124372828253293	0.225044989097121	0.822735297198715	0.0123471609787676	0.993541579066904
del10_3q29    	-0.00941421530030194	0.0470577642537399	-0.200056578326578	0.842136130857101	0.0121663985840933	0.993541579066904
del55_19p12   	0.0107674450729946	0.061561935380812	0.174904265215005	0.861764001461424	0.0120058558533954	0.993541579066904
amp28_19p13.11	-0.0094139576569954	0.0549882965990406	-0.171199295836337	0.864662941757517	0.0119840236453801	0.993541579066904
amp10_5p15.33 	0.00729026866107179	0.048783257899813	0.149442021195959	0.881723293067847	0.0118652301234669	0.993541579066904
del50_17q12   	0.0110182872795988	0.0766840067038965	0.143684292894921	0.886247836223959	0.0118364866266305	0.993541579066904
amp17_10q26.13	-0.00529553500496994	0.0381139118530036	-0.138939687571131	0.889979114569999	0.0118136482411935	0.993541579066904
del56_19q13.42	0.00599605931195822	0.0537567818317852	0.111540518380006	0.91157284992159	0.0116967444715949	0.993541579066904
amp26_17p11.2 	-0.00605402011590149	0.0550029894485784	-0.110067110471537	0.912736117037778	0.0116911818536566	0.993541579066904
del47_17p11.2 	-0.00605402011590149	0.0550029894485784	-0.110067110471537	0.912736117037778	0.0116911818536566	0.993541579066904
amp4_2p25.1  	0.00511574890937904	0.0539413192086672	0.0948391508481508	0.924769487442262	0.0116380207144623	0.993541579066904
del62_22q11.21	-0.00618625938141842	0.0654087597427827	-0.0945784541053162	0.924975656085156	0.0116371793638623	0.993541579066904
del20_6q27    	-0.00574593890051211	0.0782673629004531	-0.0734142391870322	0.941729088486106	0.0115765977822238	0.993541579066904
del39_14q11.2 	0.00472450771433808	0.0648411621239465	0.0728627859153264	0.942166001883051	0.011575223233586	0.993541579066904
del14_4q13.2  	0.00506995156637846	0.0790359907976771	0.0641473778617763	0.949073454923983	0.0115548750648565	0.993541579066904
amp8_3q26.2  	-0.00243154587768184	0.0471599918394639	-0.051559505904051	0.959056850958356	0.0115300542417708	0.993541579066904
del3_1p11.2  	-0.00349316306864749	0.0733237032071084	-0.0476402979645038	0.962166581833212	0.0115234286053365	0.993541579066904
del24_8p23.1  	0.00162649229482215	0.0587000240552582	0.0277085456266769	0.97798972855004	0.011497833630233	0.996163946034073
del28_9q33.3  	-0.00104820439478009	0.0848875985496109	-0.0123481452260367	0.990190232892031	0.0114873472380622	0.996163946034073
del63_22q13.33	-0.000465626372641182	0.0964315928948822	-0.00482856664152329	0.996163946034073	0.0114851458956684	0.996163946034073
