estimate	std_error	t_value	p_values	r_sq	FDR
del40_14q32.33	-185.215743843959	87.8293946768808	-2.10881271042977	0.0377387046126621	0.0567189593995057	0.998467166030102
amp5_2q11.2  	-158.725395318529	81.2304771919184	-1.95401283859896	0.053804611224646	0.0503955261663778	0.998467166030102
del12_4p16.1  	-122.901265837469	80.3959779056431	-1.52869918420187	0.129846198309961	0.0351622171131254	0.998467166030102
del9_3p12.1  	-199.653145480075	130.83152401344	-1.52603240683466	0.130508485962227	0.0350770882083727	0.998467166030102
del63_22q13.33	-191.911199320014	128.038379619306	-1.49885682629395	0.137410331422467	0.0342172223800777	0.998467166030102
amp25_15q26.3 	127.033715981041	88.6460297747912	1.43304461918685	0.155309745005906	0.0321928312636417	0.998467166030102
del16_5q13.2  	-157.463338914664	114.064429231546	-1.38047715642376	0.170858815260923	0.030635383093477	0.998467166030102
amp6_2q14.1  	-104.680413694951	81.3346810599437	-1.2870329400788	0.201383122621025	0.0279991572620084	0.998467166030102
amp21_13q33.1 	-81.4981289252568	64.7728046550176	-1.25821522411016	0.21156836292947	0.0272206889040321	0.998467166030102
amp13_7q34    	-65.523961660935	52.6864208766993	-1.24365938263825	0.216854626986841	0.0268337213595026	0.998467166030102
del13_4q13.2  	144.589841663412	118.103924329316	1.22425941800413	0.224049458033464	0.0263245037600459	0.998467166030102
del2_1p36.11 	91.4189773597392	76.4489633792486	1.19581709572996	0.234909082059845	0.0255914770955291	0.998467166030102
del28_9q33.3  	-132.227042213283	113.262516508205	-1.16743867512165	0.246116930898613	0.0248762069740166	0.998467166030102
amp16_9p24.2  	71.729879598559	63.3234346668727	1.13275408979172	0.260326287699401	0.0240239511823226	0.998467166030102
amp9_4p16.3  	-89.1725338674596	78.7969802151203	-1.13167450864251	0.260777643113713	0.0239978130722382	0.998467166030102
del58_20p13   	102.943500845862	91.2589566245201	1.1280372322184	0.262302379127947	0.0239099228937281	0.998467166030102
del50_17q12   	94.1972855420681	98.2682467050954	0.958572974490485	0.340341958530734	0.0201136681552655	0.998467166030102
amp2_1p34.2  	-84.8661785615037	89.409081806327	-0.949189689089261	0.345066028021473	0.0199206996219237	0.998467166030102
del26_8q21.2  	71.218265547256	76.1594248705182	0.935120842474023	0.352228333656962	0.0196347889363223	0.998467166030102
del48_17p11.2 	-76.6611367062316	84.2092540811396	-0.910364751982781	0.365061913824087	0.0191416637230464	0.998467166030102
del14_4q13.2  	97.6670989103491	108.230142924517	0.902402013628169	0.36925215425658	0.0189857600729513	0.998467166030102
del11_4p16.3  	-94.4771661408632	106.340564507634	-0.888439576922509	0.376672691482737	0.018715576516487	0.998467166030102
amp27_17q25.3 	-77.3824641562923	88.1361421433014	-0.877987875058967	0.382288171904695	0.0185159899714449	0.998467166030102
del32_11p15.5 	-115.012370983086	132.763066265612	-0.866297941273721	0.388630407287362	0.0182954618204939	0.998467166030102
amp7_2q31.2  	-61.1571981144636	74.1822019172706	-0.824418749158555	0.411881257532965	0.0175289126453767	0.998467166030102
del10_3q29    	55.3361996603745	67.7833071359467	0.8163691327334	0.416444613253436	0.0173857925054556	0.998467166030102
del15_4q35.2  	-100.739672463534	128.765788313183	-0.782348120437985	0.436063583474317	0.0167959774039058	0.998467166030102
amp24_15q13.2 	46.6174498867237	61.2573201536633	0.761010272238229	0.448640270404035	0.01643851293621	0.998467166030102
del18_6p25.3  	-53.1269194232593	73.2630927562535	-0.725152562150395	0.470239690484161	0.0158595138616716	0.998467166030102
del60_21q11.2 	88.7239174341262	124.066039460489	0.715134599443561	0.476376940005549	0.0157026285690293	0.998467166030102
del46_16q24.3 	-69.5236177292955	100.903348113674	-0.689012000384493	0.492588193963127	0.0153035780952299	0.998467166030102
del7_2q37.3  	-73.6057054161113	107.790300857062	-0.682860190860012	0.4964492004306	0.0152117169038243	0.998467166030102
del35_12p13.31	-43.8168452852598	64.7876384852191	-0.676314900646616	0.500575113570837	0.0151148661338515	0.998467166030102
del4_1q31.3  	57.0341567187725	85.4667736848515	0.667325491062516	0.506271704310256	0.0149833395058554	0.998467166030102
amp20_12q13.2 	-57.2280406486818	86.1572474000036	-0.664227820359537	0.508242701016556	0.0149384162655645	0.998467166030102
del38_13q14.2 	-57.0139746033348	91.985863672948	-0.61981235297247	0.536947431777901	0.0143168551048212	0.998467166030102
del5_1q44    	-55.0441565131846	93.2670997932772	-0.59017763643544	0.556550514474736	0.01392565419752	0.998467166030102
amp19_12p13.33	-36.9159585612175	65.5616690904846	-0.563072281004135	0.574785760943938	0.0135843682134434	0.998467166030102
amp23_14q32.33	-41.6442627262635	74.9549398185232	-0.555590636548977	0.579869221832975	0.0134929512577697	0.998467166030102
del31_10q23.31	65.1526590740112	117.936657097928	0.55243772951706	0.582017890651101	0.0134547876399473	0.998467166030102
amp31_20p13   	43.2492046103471	79.3358233942446	0.545140930792743	0.58700502398198	0.0133672870796593	0.998467166030102
del54_19p13.3 	-84.2935632549557	156.231370697199	-0.539543133231097	0.590844531766526	0.0133009385989619	0.998467166030102
del22_7q22.1  	-44.6216337255338	83.1968371830146	-0.536338101740287	0.593048125435666	0.0132632549492342	0.998467166030102
del59_21p11.2 	-72.3298406491048	143.458229026816	-0.504187463763996	0.615361736404616	0.0128975117945882	0.998467166030102
amp4_2p25.1  	-40.292206295767	80.9804368207539	-0.497554815429704	0.620011333104888	0.0128248393533726	0.998467166030102
amp18_11q14.1 	46.2919403806623	93.2890583373306	0.496220470071334	0.620948608859547	0.0128103342252612	0.998467166030102
del62_22q11.21	36.0013269710435	75.037697123513	0.479776543672241	0.63255021169485	0.0126347430186723	0.998467166030102
del20_6q27    	-42.1306728356308	99.2627652460309	-0.424435816705352	0.67226088685962	0.012086867105283	0.998467166030102
del21_7p22.1  	-42.5950950330937	101.690756776395	-0.418868896086149	0.676309917460494	0.0120354355105117	0.998467166030102
amp30_19q13.2 	-20.8015866108078	49.7927141419644	-0.417763662199659	0.677114933834131	0.0120253046473126	0.998467166030102
del24_8p23.1  	-30.0646629647003	72.2379681085203	-0.416189211185112	0.678262360407893	0.0120109186843754	0.998467166030102
del25_8p23.1  	-29.8274284622916	72.4436871327379	-0.411732611119573	0.681514343302752	0.0119704903953926	0.998467166030102
amp15_8q24.3  	18.5706031758298	46.1428905328958	0.402458601127091	0.688300852612708	0.0118877456393888	0.998467166030102
del27_9p24.3  	25.3274390900367	64.7191458197336	0.391343840670933	0.696468081987175	0.0117910430914051	0.998467166030102
del45_16q22.1 	-44.4537640132755	114.689643203199	-0.387600508395647	0.699226849917676	0.0117590801501464	0.998467166030102
del17_5q35.3  	36.0064507672029	94.2385375209071	0.382077775339147	0.703304377691088	0.0117124808132369	0.998467166030102
del61_21q22.3 	-40.8407996718732	110.855787842258	-0.368413778538903	0.713429880539409	0.0116000436455078	0.998467166030102
del3_1p11.2  	-38.1316501704874	103.786409474926	-0.367405042369251	0.714179454620969	0.0115919043314696	0.998467166030102
amp14_8p11.1  	-25.0787603962035	71.7060579834502	-0.349743956110259	0.727347952999377	0.01145299521959	0.998467166030102
del49_17p11.2 	-42.3277807643755	121.387624240166	-0.348699309582251	0.728129481073427	0.011444991921868	0.998467166030102
del6_2p25.3  	-26.1568466136795	77.7295667269972	-0.336510902029698	0.737269003790475	0.0113533734525111	0.998467166030102
del30_10q11.22	37.6007703653372	114.945949514411	0.327116966923859	0.74433902882599	0.0112849736727754	0.998467166030102
del56_19q13.42	-24.7588884772687	76.1522442239483	-0.32512355649635	0.745842146508688	0.0112707069787369	0.998467166030102
amp29_19q12   	-10.8272244693844	36.382817424634	-0.297591699483215	0.766700656236498	0.0110825446136792	0.998467166030102
del19_6p22.1  	-23.1868062029426	79.1358511082907	-0.293000023102214	0.770196631487101	0.011052775761178	0.998467166030102
del41_15q11.2 	-21.9070843725773	78.0524436418135	-0.280671345449606	0.779606676164134	0.0109751277546766	0.998467166030102
del52_17q21.31	21.5733182987542	77.6763531228697	0.277733408320924	0.781854011608165	0.0109571148293165	0.998467166030102
del8_3p26.3  	-28.5764685429769	106.594360522832	-0.268086120155071	0.789246512493947	0.0108992945395133	0.998467166030102
amp22_14q11.2 	-15.8054423202637	59.1458546691345	-0.267228234483724	0.789904836987737	0.0108942515060581	0.998467166030102
del57_19q13.42	-19.3956473578359	80.0168826312892	-0.242394438773744	0.809026059999381	0.0107552534800722	0.998467166030102
amp26_17p11.2 	-15.3054958797773	75.0350068642611	-0.203978069962265	0.838831168469649	0.010566856357076	0.998467166030102
del47_17p11.2 	-15.3054958797773	75.0350068642611	-0.203978069962265	0.838831168469649	0.010566856357076	0.998467166030102
amp12_6p21.33 	-9.65954156060886	47.5644982520657	-0.203083011817314	0.839528584358896	0.010562852709834	0.998467166030102
amp10_5p15.33 	-14.4168520705356	72.4257710166496	-0.19905693606246	0.842667218856534	0.0105450611633379	0.998467166030102
del51_17q21.31	-17.7247982750322	90.738964195994	-0.195338335984826	0.845568412912884	0.0105289442972459	0.998467166030102
del34_11q11   	-17.1841404577505	88.23183282366	-0.194761231947824	0.846018852500492	0.0105264702546937	0.998467166030102
amp32_20q13.33	13.9001534399908	73.9103594146381	0.188067728936491	0.851246947320163	0.010498309176588	0.998467166030102
amp28_19p13.11	10.3638644694427	58.6907201732512	0.176584380611607	0.860231624618456	0.010452286607607	0.998467166030102
del1_1p36.21 	13.1859143063219	77.1116890279409	0.170997607140262	0.864609505051455	0.0104309428205438	0.998467166030102
amp17_10q26.13	-8.65554974284062	52.5397437025738	-0.164742900000416	0.869515800229419	0.0104078602923809	0.998467166030102
del29_9q34.13 	-17.059044509082	107.436142726192	-0.158783106654881	0.874195519824418	0.0103866653381995	0.998467166030102
del43_15q14   	-18.4449709136919	121.881122228704	-0.151335748936417	0.880049573078302	0.0103612764949224	0.998467166030102
del33_11p14.2 	12.1481672589485	81.0789189841458	0.14983139157694	0.881232905329741	0.0103562958629138	0.998467166030102
del44_16p13.11	-15.4011187702275	106.339196920305	-0.144830121124291	0.885168844104646	0.010340094971747	0.998467166030102
amp3_1q21.2  	7.70907235221861	75.0817057905927	0.102675775290983	0.918448731277756	0.010225379894684	0.998467166030102
amp1_1p36.33 	6.63476537191361	80.6409399189439	0.0822753973178206	0.934610424199402	0.0101838886519027	0.998467166030102
del55_19p12   	5.49052457354643	80.0495502660411	0.0685890745831665	0.945468873825891	0.0101611814792524	0.998467166030102
del37_13q11   	6.04869206501623	100.435073369847	0.0602248981562667	0.952110047722855	0.0101493322356075	0.998467166030102
del39_14q11.2 	-3.46755416605203	69.1683908411061	-0.0501320635609076	0.960128241275977	0.0101370824656007	0.998467166030102
del53_18q23   	-5.56779307294265	111.895638162543	-0.0497588035098802	0.960424859292408	0.0101366723957009	0.998467166030102
del36_12q24.33	-4.25804494349029	115.195105861327	-0.0369637660528406	0.970595761350409	0.0101244684622347	0.998467166030102
amp8_3q26.2  	1.71767337313315	62.1796907306052	0.0276243473222632	0.978022924889358	0.0101178339829305	0.998467166030102
amp11_5q31.3  	1.07809391369606	60.5550541441427	0.0178035331473705	0.985834995622152	0.0101129270578295	0.998467166030102
del42_15q11.2 	0.817795113862762	88.2988644602487	0.00926167192366245	0.992630859652946	0.0101103842908513	0.998467166030102
del23_8p23.1  	-0.200991602461728	104.331688828073	-0.00192646744933785	0.998467166030102	0.0101094816513535	0.998467166030102
