estimate	std_error	t_value	p_values	r_sq	FDR
del59_21p11.2 	3.41023559355464	1.3211683215381	2.58122718957147	0.0111985029074255	0.22110437880549	0.452904691654025
del49_17p11.2 	2.99225762377295	1.19959174212837	2.49439665070047	0.0141464912502941	0.21807251066899	0.452904691654025
del5_1q44    	-2.32342603612751	0.93299935429379	-2.49027614588884	0.0143022534206534	0.217930637105925	0.452904691654025
del22_7q22.1  	-2.00233775234347	0.912799383566039	-2.19362303304909	0.0304260722510917	0.208211820766508	0.722619215963428
del15_4q35.2  	2.80104123506643	1.35626486923728	2.06526121748008	0.0413149513380354	0.204321540023959	0.784984075422672
amp18_11q14.1 	-1.69430821447805	0.998552833083976	-1.6967637147904	0.0926485962332867	0.194282802633825	0.811152420026739
amp7_2q31.2  	-1.4333468637184	0.848205390819804	-1.68985823390375	0.0939666952680548	0.194111280173813	0.811152420026739
del48_17p11.2 	1.43316045129794	0.910067713395172	1.57478441461381	0.11825843391535	0.191345913785179	0.811152420026739
amp10_5p15.33 	-1.14979522338208	0.751347975706089	-1.53030987047186	0.128891190595811	0.190324591821009	0.811152420026739
amp2_1p34.2  	-1.48073052917045	0.997601869178153	-1.48429005089005	0.140671939530733	0.189295982371837	0.811152420026739
del39_14q11.2 	1.12862291295768	0.764321936650913	1.47663289359854	0.142711159619277	0.189127632751958	0.811152420026739
del41_15q11.2 	1.21807484184125	0.847695635933212	1.43692475247946	0.153657072879943	0.188267488574929	0.811152420026739
del50_17q12   	1.56896643457187	1.11426378096907	1.40807451643752	0.162007845660753	0.187656142664196	0.811152420026739
del11_4p16.3  	-1.64745318434095	1.17208419639087	-1.40557580198919	0.162747144654599	0.187603734709683	0.811152420026739
del16_5q13.2  	1.76146348871772	1.25329927558156	1.40546118795158	0.162781117506173	0.187601332869351	0.811152420026739
del45_16q22.1 	1.64287774205524	1.17441643105298	1.39888858722986	0.164738395809518	0.187463902112823	0.811152420026739
amp5_2q11.2  	-1.10936297085509	0.823490301039472	-1.34714758565434	0.180778757998675	0.18640295006682	0.811152420026739
del3_1p11.2  	1.50449325040432	1.12702629854942	1.33492293155957	0.184734955289922	0.186157728298052	0.811152420026739
del36_12q24.33	1.62982633561503	1.2433965042464	1.3107856826434	0.192736558882842	0.185679684229185	0.811152420026739
amp1_1p36.33 	1.15454199365759	0.885403280221996	1.30397302500179	0.195041063355555	0.185546236088436	0.811152420026739
del33_11p14.2 	-1.18039191624047	0.921801508398051	-1.2805272127313	0.203128647160346	0.185091960356171	0.811152420026739
del21_7p22.1  	-1.3830060597642	1.11132529775457	-1.24446556067658	0.216047285422555	0.184408379713743	0.811152420026739
del23_8p23.1  	1.37422824088795	1.1111490230869	1.23676321747571	0.218882669912069	0.184264759921128	0.811152420026739
del12_4p16.1  	1.0673376393092	0.876590514766235	1.21760117332986	0.226053957437848	0.18391111273536	0.811152420026739
del13_4q13.2  	1.53415677675159	1.26298850324466	1.21470367529893	0.227152964462609	0.183858091854521	0.811152420026739
amp28_19p13.11	0.782835586773775	0.650950826042132	1.20260326195992	0.231784341227257	0.183637959881731	0.811152420026739
amp3_1q21.2  	-1.00136641921313	0.836868800134652	-1.19656321164322	0.234121418230282	0.183528859260981	0.811152420026739
del42_15q11.2 	1.09725608286503	0.944950365678302	1.16117853669214	0.248153211027946	0.182900178690727	0.811152420026739
amp11_5q31.3  	-0.718455302621176	0.639752998723252	-1.12301982805081	0.263942558218846	0.182242324159621	0.811152420026739
del14_4q13.2  	1.25818615736732	1.15562375598128	1.08875068624645	0.278709987408687	0.181669397073304	0.811152420026739
del62_22q11.21	0.930589440156536	0.866777753289187	1.07361943315365	0.285408547692906	0.181421827926675	0.811152420026739
del32_11p15.5 	-1.52235842372337	1.43066256184661	-1.06409328399451	0.289681923821635	0.181267668012701	0.811152420026739
del56_19q13.42	-0.887244663614193	0.860313020420524	-1.03130447006428	0.304723547702487	0.180747127260145	0.811152420026739
amp8_3q26.2  	-0.718681126850392	0.698656787531822	-1.02866119627823	0.305958629900963	0.180705845082284	0.811152420026739
del1_1p36.21 	0.859325722968685	0.83939456034579	1.02374468880842	0.308264831402326	0.180629330737264	0.811152420026739
del52_17q21.31	-0.856986232506994	0.84781079131693	-1.01082251049885	0.314381749180565	0.180429906966345	0.811152420026739
del20_6q27    	1.08713922679527	1.07894560852405	1.0075940976139	0.315922521484099	0.18038046440892	0.811152420026739
amp31_20p13   	-0.848061539525469	0.868836969071659	-0.976088230259829	0.33122237223273	0.179905957912373	0.815980150789971
del7_2q37.3  	-1.12033988429039	1.19882443468667	-0.934532073149816	0.352133734124436	0.179302343976271	0.815980150789971
amp30_19q13.2 	-0.514325981344512	0.551348217458223	-0.932851444982652	0.352996906027229	0.179278466588039	0.815980150789971
del10_3q29    	-0.611473008603204	0.687990471594903	-0.888781216963201	0.376114387856378	0.178667209747634	0.815980150789971
del30_10q11.22	1.09672644900544	1.2470611037073	0.87944884636772	0.38112877980187	0.178541451000426	0.815980150789971
amp12_6p21.33 	-0.443031751720023	0.510584700506567	-0.867694921685818	0.387503212551793	0.178384895527103	0.815980150789971
del53_18q23   	1.0663702612307	1.23719805796808	0.861923646228527	0.390657099389405	0.17830877498962	0.815980150789971
del24_8p23.1  	0.688474017798079	0.815566961907958	0.844166144478739	0.400459985588245	0.178077661218657	0.815980150789971
amp16_9p24.2  	0.548904143965486	0.671804154956987	0.817059763497042	0.415709797697636	0.177733908580962	0.815980150789971
amp26_17p11.2 	0.684870930402481	0.842754127580169	0.812658055284732	0.418218585846847	0.177679120006188	0.815980150789971
del47_17p11.2 	0.684870930402481	0.842754127580169	0.812658055284732	0.418218585846847	0.177679120006188	0.815980150789971
del31_10q23.31	0.998255352691515	1.25169533575745	0.797522627251326	0.426913862376585	0.177492931479042	0.815980150789971
amp21_13q33.1 	-0.55293398104264	0.717383911653922	-0.770764401124993	0.442545196064818	0.177172131640235	0.815980150789971
del9_3p12.1  	1.11043253169467	1.4558070293549	0.762760798171674	0.447284382105189	0.177078257359526	0.815980150789971
amp15_8q24.3  	-0.382778490167889	0.5148270257686	-0.743508928258822	0.458803100396506	0.176856380270397	0.815980150789971
del54_19p13.3 	1.25402969013499	1.73304793226682	0.723597810993446	0.470891651449665	0.176632750721907	0.815980150789971
amp27_17q25.3 	0.657291096981122	0.942351161294472	0.69750123306287	0.487002008019095	0.176348666218809	0.815980150789971
del43_15q14   	0.857524498236028	1.31381618875071	0.652697466798181	0.515351207104831	0.175884849763209	0.815980150789971
del55_19p12   	-0.570898293707206	0.8806830841824	-0.648244872600467	0.51821528429698	0.175840409868729	0.815980150789971
del44_16p13.11	0.618205905108216	0.955054388183465	0.647299161971348	0.518824673962408	0.175831009591194	0.815980150789971
amp14_8p11.1  	-0.506640417581211	0.784300798091649	-0.645977179691724	0.519677151339091	0.175817891849968	0.815980150789971
amp17_10q26.13	-0.352395989467221	0.565421787880007	-0.623244446926063	0.534450127038643	0.175596452506737	0.815980150789971
del63_22q13.33	0.828051662298749	1.37141775400562	0.603792432962302	0.547259601670937	0.17541317841724	0.815980150789971
amp4_2p25.1  	0.551101392404241	0.921627226238168	0.597965616373647	0.551126427261733	0.175359394536736	0.815980150789971
del51_17q21.31	0.595483686425253	1.00658398704211	0.591588674259669	0.55537388789957	0.175301122593386	0.815980150789971
amp23_14q32.33	0.479479004866014	0.815763399017995	0.587767244084749	0.557926956980941	0.175266498173993	0.815980150789971
amp22_14q11.2 	0.386045539115363	0.67006526944311	0.576131246790636	0.56573634761999	0.175162433476583	0.815980150789971
del60_21q11.2 	0.766273517961715	1.35281312821981	0.566429687868322	0.572287894121023	0.175077240213045	0.815980150789971
del19_6p22.1  	-0.480584980735306	0.848783161226088	-0.566204659433971	0.572440290494406	0.175075281109593	0.815980150789971
del61_21q22.3 	-0.68029687431583	1.23327879694273	-0.551616452015772	0.582361343916575	0.174949917494634	0.815980150789971
amp6_2q14.1  	-0.486624486801261	0.886196217996411	-0.54911595978311	0.584070002670716	0.174928754278426	0.815980150789971
del57_19q13.42	-0.455121014864902	0.87960007572017	-0.517418116968979	0.605932345751835	0.174668722252439	0.821590608221226
del8_3p26.3  	0.592521038231283	1.14790045311664	0.516178068074231	0.606795124293462	0.174658860498898	0.821590608221226
del34_11q11   	-0.508443019867253	1.00520661266409	-0.5058094658965	0.614030875617969	0.174577319065433	0.821590608221226
del37_13q11   	0.502978507594099	1.08378806675419	0.464093048284298	0.643523906748598	0.174265821690551	0.822826221775983
del17_5q35.3  	-0.477973675548634	1.04039474731115	-0.459415694652373	0.64686770104722	0.174232552527371	0.822826221775983
del4_1q31.3  	-0.442230916555686	0.97858499517666	-0.451908540122109	0.652249615733144	0.174179854525674	0.822826221775983
amp29_19q12   	-0.176105472600767	0.393698619258048	-0.447310363781946	0.655555184676753	0.174148002182378	0.822826221775983
del46_16q24.3 	0.497091824728759	1.12070298562536	0.443553582978435	0.658260977420787	0.17412221832525	0.822826221775983
del58_20p13   	-0.359307313415709	1.00991370667066	-0.355780212747307	0.722705633919508	0.173581327651089	0.888791657533847
del38_13q14.2 	-0.33815548212774	1.03354779390112	-0.327179337156121	0.744171461199093	0.173430612681828	0.888791657533847
amp24_15q13.2 	0.213644579582081	0.66089648224938	0.323264815777102	0.747125614692143	0.173410962784685	0.888791657533847
del6_2p25.3  	0.281963269765763	0.891012631691715	0.316452606547693	0.752275522196888	0.173377328999165	0.888791657533847
amp9_4p16.3  	0.263092695280447	0.851031284778277	0.309145738806761	0.757811834318333	0.173342046231993	0.888791657533847
del35_12p13.31	-0.197770892404676	0.717724341340785	-0.275552717127051	0.7834230695317	0.173190405799777	0.907624287872091
del29_9q34.13 	0.276579204278202	1.19270396503031	0.231892583899621	0.817064359353725	0.173019294844272	0.923627808997814
del18_6p25.3  	0.177898853193936	0.833481787272327	0.213440600515258	0.831389476214271	0.172955812224014	0.923627808997814
amp32_20q13.33	0.174624141649247	0.824078523732864	0.211902308603122	0.832586362818515	0.172950756996846	0.923627808997814
amp13_7q34    	-0.118447790066375	0.571230073378585	-0.207355662081665	0.836126227092758	0.172936028933946	0.923627808997814
del26_8q21.2  	0.136194920158639	0.805110393693485	0.169163038044805	0.865987789232788	0.172824905605649	0.945618850311665
del27_9p24.3  	0.109848752437357	0.716367235493399	0.153341396695367	0.87841787302889	0.172785468460269	0.948292022019824
amp20_12q13.2 	0.119724599603226	0.973431073284004	0.12299237500126	0.902343859203513	0.172720642099153	0.963176029486896
amp25_15q26.3 	0.0869974189151805	0.925664666916661	0.0939837308525173	0.925297845910519	0.172671982121909	0.976703281794437
del40_14q32.33	0.0530416556877819	0.989302089380006	0.0536152265897094	0.957341700106361	0.172625913180259	0.995589480004639
del2_1p36.11 	0.034393118107513	0.860520765915879	0.0399677956300186	0.968193280967597	0.17261603766815	0.995589480004639
del25_8p23.1  	-0.00674393353079972	0.821565478996257	-0.00820863790313961	0.993465813209559	0.172604206526072	0.995589480004639
amp19_12p13.33	-0.00605110565279266	0.746206813490949	-0.00810915357966784	0.993545002313766	0.172604193973137	0.995589480004639
del28_9q33.3  	-0.00691157015200681	1.24741238532742	-0.00554072593258136	0.995589480004639	0.172603922875603	0.995589480004639
