HR	lower_CI	upper_CI	z_scores	p_values	FDR
del27_9p24.3  	-0.713759105570311	0.489799524352394	0.240674502944023	-2.96566149234479	0.00302032726854823	0.155709346786308
amp16_9p24.2  	-0.735155424818775	0.479430937717208	0.250020485846714	-2.94038075451743	0.0032780915112907	0.155709346786308
del12_4p16.1  	0.624950498204888	1.86815347819258	0.226226315876682	2.76250132873823	0.00573603282978531	0.181641039609868
amp14_8p11.1  	0.558581727745918	1.74819132996637	0.212914244408949	2.62350567148076	0.00870299960931012	0.191904910814858
del60_21q11.2 	-0.943975531364041	0.389077964967848	0.366966121909949	-2.57237787088064	0.0101002584639399	0.191904910814858
del38_13q14.2 	0.828882071242752	2.29075640581545	0.35315278546518	2.34709198215988	0.0189205832323082	0.297821543002302
del2_1p36.11 	-0.475530346081765	0.621555329604418	0.207535283093027	-2.29132289697752	0.0219447452738538	0.297821543002302
del48_17p11.2 	0.552748973022703	1.73802423862899	0.258239497949222	2.14045092796529	0.0323183425306732	0.374956403559736
amp12_6p21.33 	0.273856361292897	1.31502590005213	0.132913266517077	2.06041404646172	0.0393589752060416	0.374956403559736
del7_2q37.3  	0.719597142073434	2.05360573262961	0.352510762794599	2.04134800415365	0.0412162487580721	0.374956403559736
amp20_12q13.2 	0.457133226759805	1.57953930713602	0.229086176088265	1.99546404137313	0.0459922922393357	0.374956403559736
del50_17q12   	0.802597980041994	2.23133035656031	0.404731022905963	1.98304042590892	0.0473629141338613	0.374956403559736
del49_17p11.2 	0.723886932373965	2.06243419316609	0.376108080370125	1.92467795869101	0.0542696596323837	0.379217338196739
del5_1q44    	0.53247205154963	1.70313735226569	0.278499180565774	1.91193399732059	0.0558846603658352	0.379217338196739
del56_19q13.42	0.435085073466072	1.54509449990471	0.248632116061049	1.7499150164464	0.0801329791244159	0.503892524557047
del16_5q13.2  	0.691350734678541	1.99641033352336	0.401620217360976	1.72140421421354	0.0851775000884269	0.503892524557047
amp13_7q34    	-0.275091781243801	0.759502411949885	0.164025731971593	-1.67712576519057	0.0935178914671128	0.503892524557047
del21_7p22.1  	0.579164907672641	1.78454754635989	0.347582938619771	1.66626391379412	0.095660860849907	0.503892524557047
del62_22q11.21	-0.338737737057045	0.712669331338167	0.206410074388088	-1.6410911049824	0.100778504911409	0.503892524557047
del18_6p25.3  	0.37761184311252	1.45879659102198	0.238163917427093	1.58551239495847	0.112849962986167	0.536037324184291
del4_1q31.3  	0.42665839139153	1.53212918379835	0.295956022975076	1.44162766853865	0.149407438650123	0.592786698976594
del30_10q11.22	0.517275692945642	1.67745152612033	0.36287637761137	1.42548736941931	0.154016368599503	0.592786698976594
del34_11q11   	0.54606131323064	1.7264397037012	0.385234851927609	1.41747640562192	0.156343687867072	0.592786698976594
amp29_19q12   	0.16762186865418	1.18248938979465	0.118553046218741	1.41389760955533	0.157391967925071	0.592786698976594
amp22_14q11.2 	0.232440047162028	1.26167480310645	0.164510551908792	1.41291877308209	0.157679608565187	0.592786698976594
amp1_1p36.33 	-0.385550676909835	0.680076030903658	0.279207981591971	-1.38087269107253	0.167318108006888	0.592786698976594
del35_12p13.31	0.295826705227019	1.34423718736822	0.214816027979504	1.37711654018314	0.168476219709137	0.592786698976594
amp24_15q13.2 	-0.258637024694208	0.772103226591918	0.191659440677561	-1.34946143941496	0.177188797959237	0.601176278790267
amp27_17q25.3 	-0.403627991599489	0.66789253669404	0.311058405002584	-1.29759551617368	0.194426363741404	0.636913950187359
del29_9q34.13 	0.492644409430084	1.63663844470751	0.385497949866763	1.27794300747994	0.201269522314235	0.637353487328411
del39_14q11.2 	0.239911476566848	1.27113661996309	0.191915011604986	1.25009229116819	0.211265835483441	0.645770338735012
del51_17q21.31	0.3307830399969	1.3920577386913	0.268243991688971	1.23314240111832	0.217522640416004	0.645770338735012
del8_3p26.3  	0.397872204339229	1.48865377425787	0.376949620078258	1.05550498832345	0.291194429288187	0.717145386048667
del25_8p23.1  	0.306338087345307	1.3584415008004	0.290366122150667	1.05500629714079	0.291422444750656	0.717145386048667
amp4_2p25.1  	0.288264919632325	1.33411068942529	0.278245357859762	1.03600980749376	0.300197567079021	0.717145386048667
del1_1p36.21 	-0.225888085625317	0.797807382784022	0.220163081158073	-1.02600347177706	0.304889947605495	0.717145386048667
amp26_17p11.2 	-0.245234189216176	0.782521258741439	0.241082254769875	-1.0172220657645	0.309047801273798	0.717145386048667
del47_17p11.2 	-0.245234189216176	0.782521258741439	0.241082254769875	-1.0172220657645	0.309047801273798	0.717145386048667
del26_8q21.2  	0.267831331635972	1.30712665050694	0.264905992844698	1.01104293172027	0.311995882330666	0.717145386048667
del32_11p15.5 	0.348472756273628	1.41690194070883	0.348874843739227	0.998847473606037	0.317868584569841	0.717145386048667
amp10_5p15.33 	0.24400029413146	1.27634470590253	0.2453010465326	0.994697322251469	0.319883497211918	0.717145386048667
amp32_20q13.33	0.211606531174128	1.23566159509781	0.214810306722353	0.985085559454252	0.324582045928718	0.717145386048667
amp17_10q26.13	0.160160636649405	1.17369939498769	0.162592431886229	0.985043613601119	0.324602648422028	0.717145386048667
del15_4q35.2  	-0.398586455122623	0.67126824350487	0.412798689644522	-0.965571028013345	0.334258878400894	0.721695305638294
amp2_1p34.2  	0.263321653388032	1.30124520157269	0.277903130030568	0.947530361961263	0.343368592368825	0.724889250556409
del54_19p13.3 	0.477503314644074	1.61204460555926	0.525842445311221	0.908072976804796	0.363839666679242	0.751408007272347
del46_16q24.3 	0.355865838406422	1.42741603100758	0.405762515114961	0.877029851576106	0.380470424176608	0.76903596376123
del55_19p12   	0.265799170516677	1.30447305572906	0.319251318680119	0.83257031361866	0.405087107326023	0.778947330204185
del20_6q27    	-0.226262317201141	0.797508873929162	0.273913098771614	-0.826036864304168	0.408783180309807	0.778947330204185
del59_21p11.2 	0.320304090648461	1.37754659968956	0.388828122795624	0.823767808628441	0.410071502043219	0.778947330204185
amp25_15q26.3 	0.226749142787304	1.25451512429671	0.280076494920265	0.809597188267646	0.418171724635931	0.778947330204185
del22_7q22.1  	0.24837802172673	1.28194444346245	0.332589176605772	0.746801276762953	0.455183524805514	0.831585285702382
amp28_19p13.11	0.118926511032856	1.12628714556791	0.167995580366691	0.707914522353925	0.478998340748965	0.858581931531164
amp11_5q31.3  	-0.114090495764069	0.892177213970399	0.174044182199214	-0.655526052766759	0.512129118206716	0.867595944893615
del41_15q11.2 	0.138318400744439	1.14834112474049	0.220380298418211	0.62763505511711	0.530243038955253	0.867595944893615
amp6_2q14.1  	0.16992478728066	1.18521570467177	0.276122630343888	0.615396090747913	0.538293172465174	0.867595944893615
del14_4q13.2  	0.217412403172931	1.24285655444857	0.359207291516007	0.605256096710504	0.545008847819057	0.867595944893615
del40_14q32.33	0.177108563700752	1.19376068517031	0.301189884668177	0.588029587699713	0.556512433241362	0.867595944893615
amp3_1q21.2  	0.121988511542777	1.1297411227232	0.221102576967743	0.551728130968703	0.581134633494102	0.867595944893615
del28_9q33.3  	-0.210383365873618	0.810273555190516	0.38472349694455	-0.546843038037629	0.584486572330069	0.867595944893615
del45_16q22.1 	-0.188501268310538	0.828199453023882	0.35249306887941	-0.534765886063494	0.592811755310924	0.867595944893615
del44_16p13.11	0.15158407280138	1.16367613120947	0.287491533186089	0.527264476701169	0.598009939240596	0.867595944893615
amp31_20p13   	0.126549597488578	1.1349057382546	0.243970446178622	0.518708718497509	0.603963880943472	0.867595944893615
amp5_2q11.2  	-0.144997398206506	0.865024543723044	0.28133997371397	-0.515381430844664	0.606286505819498	0.867595944893615
del31_10q23.31	0.15430895865048	1.1668513399083	0.301611684313523	0.51161465777326	0.608920724908057	0.867595944893615
del11_4p16.3  	0.1900495496353	1.20930951701828	0.374424551568242	0.507577691792099	0.611749538586994	0.867595944893615
del52_17q21.31	0.092677270053734	1.09710760864794	0.182656057875568	0.507386785478908	0.611883455872339	0.867595944893615
del13_4q13.2  	0.174933091928851	1.1911665152921	0.382069588210641	0.457856624360293	0.647055451416511	0.877319290222385
amp19_12p13.33	0.11112073064354	1.11752981880449	0.24844277220345	0.447268920959164	0.654680903976241	0.877319290222385
del61_21q22.3 	-0.138795277074212	0.870406202323856	0.320071747807866	-0.43363801405405	0.664551325498219	0.877319290222385
amp8_3q26.2  	0.0880624718644602	1.09205634269306	0.206560010697493	0.426328753407297	0.669868308851437	0.877319290222385
del10_3q29    	0.0759032043672777	1.07885814034668	0.178972364315492	0.424105725247478	0.671488710307213	0.877319290222385
amp9_4p16.3  	0.113344266432642	1.12001745099667	0.269573080707583	0.420458400872717	0.674150612486674	0.877319290222385
amp7_2q31.2  	0.103602340462938	1.10915929943301	0.273361244237577	0.378994252648697	0.704692131770463	0.902094332137129
del24_8p23.1  	-0.0886251577425614	0.915188560633464	0.242650102401803	-0.365238493061947	0.714933386792719	0.902094332137129
del63_22q13.33	-0.131301955554563	0.876952933598591	0.387781222860256	-0.338598023354731	0.734912571869292	0.902094332137129
del53_18q23   	0.11619740762468	1.12321758196378	0.369685237987908	0.314314437485006	0.753282233950207	0.902094332137129
del3_1p11.2  	-0.112304311380926	0.89377223105022	0.358027949098231	-0.313674705183737	0.753768114176782	0.902094332137129
del33_11p14.2 	0.0793373138528403	1.08256942615362	0.255896614146905	0.310036590821379	0.756533130924521	0.902094332137129
del9_3p12.1  	-0.128314453635578	0.879576749546667	0.42300873990016	-0.303337594551505	0.761632598675192	0.902094332137129
amp30_19q13.2 	0.0467070794233144	1.04781503753765	0.159148275306851	0.293481530561731	0.769154114769552	0.902094332137129
amp18_11q14.1 	-0.0723809444228816	0.93017648276625	0.283693280619083	-0.255138028877278	0.798616493053295	0.925226424878818
del6_2p25.3  	0.0519546561650618	1.05332797950046	0.28090335194191	0.184955629065637	0.853263837921919	0.95911776628269
amp23_14q32.33	-0.0368690042473501	0.963802381098362	0.203549297285654	-0.181130589685158	0.856265074603709	0.95911776628269
del23_8p23.1  	-0.0603748907826268	0.941411540912187	0.344821475870522	-0.175090285865191	0.861008691122058	0.95911776628269
amp21_13q33.1 	-0.0380500067078864	0.96266479999008	0.240284739024499	-0.158353821646605	0.874177999563356	0.95911776628269
del19_6p22.1  	0.0413894474521424	1.04225793121225	0.270410968220493	0.153061274564845	0.8783499543852	0.95911776628269
del37_13q11   	-0.0277360754060004	0.972645037875579	0.292468926520551	-0.0948342640566006	0.924446470727514	0.987928451879562
del36_12q24.33	-0.0297768632292348	0.970662099792115	0.318583306378567	-0.0934664894018379	0.925532970708222	0.987928451879562
del58_20p13   	0.0155215218599906	1.01564260634107	0.255619164857219	0.0607212759992405	0.951581187147098	0.991423043814628
del42_15q11.2 	-0.0134147940601149	0.98667478328845	0.273902629873447	-0.0489765069664099	0.96093801819117	0.991423043814628
del57_19q13.42	0.0111699281521421	1.0112325447233	0.272300572806361	0.0410205826488851	0.967279487090054	0.991423043814628
del17_5q35.3  	0.0116996025272543	1.01176831056771	0.316914184867436	0.0369172573709447	0.97055097973432	0.991423043814628
amp15_8q24.3  	-0.0016276511885937	0.998373672717219	0.143232886537127	-0.0113636695311018	0.990933298662523	0.995878398647731
del43_15q14   	-0.00237169912054843	0.997631111135678	0.459125842963533	-0.00516568421685818	0.995878398647731	0.995878398647731
